function bq = bq(qd)



s=20;
bc = [2.516; 2.581; 2.038; 0.956; 0.323; 0.315; 0.066];
B =  [1.142; 0.946; 0.309; 0.255; 0.025; 0.039; 0.004];

%bq = bc.*atan(s*qd)*2/pi+B.*qd;
bq = B.*qd;

end 