I(:,:,1) = [ 0.29486350 , -0.00795023 ,-0.00009311;
                 -0.00795023 , 0.11350017 , -0.00018711;
                -0.00009311 , -0.00018711 , 0.25065343];
    I(:,:,2) =[0.02606840 ,-0.00001346 , -0.00011701;
               -0.00001346,  0.01472202 ,0.00003659;
               -0.00011701 , 0.00003659,  0.01934814];
    I(:,:,3) = [0.13671601,  -0.01680434,  0.00000510;
               -0.01680434 , 0.00588354 , -0.00000530;
                0.00000510 , -0.00000530 , 0.13951371];
    I(:,:,4) = [ 0.05719268 , 0.00001467 , 0.00008193;
                 0.00001467 , 0.05716470 , -0.00009417;
                 0.00008193 , -0.00009417 , 0.00300441] ;
    I(:,:,5) =[0.00005587 , 0.00000026,  0.00000000;
               0.00000026 , 0.00007817,  -0.00000083;
               0.00000000 , -0.00000083,  0.00006594];
    I(:,:,6) = [0.00093106,  0.00000148 , -0.00000201;
                0.00000148,  0.00049833 , -0.00022162;
               -0.00000201,  -0.00022162,  0.00057483];
    I(:,:,7) = [ 0.003167342,          0,         0;       % Approximate Inertia Tensor for Schunk Gripper
                              0, 0.001128942,         0;
                              0,          0, 0.00258007;];