% -------------------------------------------------------------------
%  Generated by MATLAB on 22-Sep-2016 02:01:40
%  MATLAB version: 8.5.0.197613 (R2015a)
% -------------------------------------------------------------------
                            

q1 = ...
  [-0.127692912 -1.942076769 -0.023554324 3.11641957 0.080153695 -0.085381578 ...
   -0.362817848;
   -0.127692912 -1.942076769 -0.023645548 3.11641957 0.080153695 -0.085381578 ...
   -0.362817848;
   -0.127692912 -1.942103919 -0.023599936 3.11641957 0.080153695 -0.085381578 ...
   -0.362817848;
   -0.127692912 -1.942103919 -0.023599936 3.11641957 0.080153695 -0.085381578 ...
   -0.362817848;
   -0.127692912 -1.942076769 -0.023554324 3.11641957 0.080153695 -0.085381578 ...
   -0.362817848;
   -0.127692912 -1.942103919 -0.023599936 3.11641957 0.080153695 -0.085381578 ...
   -0.362817848;
   -0.127692912 -1.942103919 -0.023599936 3.11641957 0.080153695 -0.085381578 ...
   -0.362920593;
   -0.127692912 -1.942103919 -0.023599936 3.11641957 0.080153695 -0.085381578 ...
   -0.362817848;
   -0.127692912 -1.942076769 -0.023554324 3.11641957 0.080153695 -0.085381578 ...
   -0.362817848;
   -0.127692912 -1.942103919 -0.023599936 3.11641957 0.080234601 -0.085462484 ...
   -0.362920593;
   -0.127692912 -1.942103919 -0.023599936 3.11641957 0.080153695 -0.085381578 ...
   -0.362817848;
   -0.127692912 -1.942103919 -0.023599936 3.11641957 0.080153695 -0.085381578 ...
   -0.362817848;
   -0.127692912 -1.942103919 -0.023599936 3.11641957 0.080153695 -0.085381578 ...
   -0.362817848;
   -0.127692912 -1.942103919 -0.023599936 3.11641957 0.080153695 -0.085381578 ...
   -0.362920593;
   -0.127692912 -1.942103919 -0.023599936 3.11641957 0.080234601 -0.085462484 ...
   -0.362817848;
   -0.127692912 -1.942103919 -0.023599936 3.11641957 0.080153695 -0.085381578 ...
   -0.362817848;
   -0.127692912 -1.942103919 -0.023599936 3.11641957 0.080153695 -0.085381578 ...
   -0.362817848;
   -0.127692912 -1.942103919 -0.023599936 3.11641957 0.080153695 -0.085381578 ...
   -0.362920593;
   -0.127692912 -1.942103919 -0.023599936 3.11641957 0.080153695 -0.085381578 ...
   -0.362920593;
   -0.127692912 -1.942076769 -0.023554324 3.11641957 0.080153695 -0.085381578 ...
   -0.362817848;
   -0.127692912 -1.942076769 -0.023554324 3.11641957 0.080153695 -0.085381578 ...
   -0.362920593;
   -0.127692912 -1.942076769 -0.023554324 3.11641957 0.080153695 -0.085381578 ...
   -0.362817848;
   -0.127692912 -1.942076769 -0.023554324 3.11641957 0.080153695 -0.085381578 ...
   -0.362920593;
   -0.127692912 -1.942103919 -0.023599936 3.11641957 0.080153695 -0.085381578 ...
   -0.362920593;
   -0.127692912 -1.942076769 -0.023554324 3.11641957 0.080153695 -0.085381578 ...
   -0.362817848;
   -0.127692912 -1.942076769 -0.023554324 3.11641957 0.080153695 -0.085381578 ...
   -0.362817848;
   -0.127692912 -1.942103919 -0.023599936 3.11641957 0.080153695 -0.085381578 ...
   -0.362920593;
   -0.127692912 -1.942103919 -0.023599936 3.11641957 0.080153695 -0.085381578 ...
   -0.362920593;
   -0.127692912 -1.942103919 -0.023599936 3.11641957 0.080153695 -0.085381578 ...
   -0.362817848;
   -0.127692912 -1.942103919 -0.023599936 3.11641957 0.080153695 -0.085381578 ...
   -0.362817848;
   -0.127692912 -1.942103919 -0.023599936 3.11641957 0.080153695 -0.085381578 ...
   -0.362817848;
   -0.127692912 -1.942103919 -0.023599936 3.11641957 0.080153695 -0.085381578 ...
   -0.362817848;
   -0.127692912 -1.942103919 -0.023599936 3.11641957 0.080153695 -0.085381578 ...
   -0.362920593;
   -0.127692912 -1.942103919 -0.023599936 3.11641957 0.080153695 -0.085381578 ...
   -0.362817848;
   -0.127692912 -1.942076769 -0.023554324 3.11641957 0.080153695 -0.085381578 ...
   -0.362920593;
   -0.127692912 -1.942103919 -0.023599936 3.11641957 0.080234601 -0.085462484 ...
   -0.362817848;
   -0.127692912 -1.942076769 -0.023554324 3.11641957 0.080153695 -0.085381578 ...
   -0.362817848;
   -0.127692912 -1.942103919 -0.023599936 3.11641957 0.080153695 -0.085381578 ...
   -0.362920593;
   -0.127692912 -1.942103919 -0.023599936 3.11641957 0.080153695 -0.085381578 ...
   -0.362920593;
   -0.127692912 -1.942103919 -0.023599936 3.11641957 0.080153695 -0.085381578 ...
   -0.362920593;
   -0.127692912 -1.942103919 -0.023599936 3.11641957 0.080153695 -0.085381578 ...
   -0.362817848;
   -0.127692912 -1.942076769 -0.023554324 3.11641957 0.080153695 -0.085381578 ...
   -0.362920593;
   -0.127692912 -1.942103919 -0.023599936 3.11641957 0.080153695 -0.085381578 ...
   -0.362920593;
   -0.127692912 -1.942103919 -0.023599936 3.11641957 0.080153695 -0.085381578 ...
   -0.362920593;
   -0.127692912 -1.942103919 -0.023599936 3.11641957 0.080153695 -0.085381578 ...
   -0.362817848;
   -0.127692912 -1.942076769 -0.023554324 3.11641957 0.080153695 -0.085381578 ...
   -0.362817848;
   -0.127692912 -1.942103919 -0.023599936 3.11641957 0.080153695 -0.085381578 ...
   -0.362817848;
   -0.127692912 -1.942076769 -0.023554324 3.11641957 0.080234601 -0.085462484 ...
   -0.362817848;
   -0.127692912 -1.942103919 -0.023599936 3.11641957 0.080153695 -0.085381578 ...
   -0.362817848;
   -0.127692912 -1.942103919 -0.023599936 3.11641957 0.080234601 -0.085462484 ...
   -0.362817848;
   -0.127692912 -1.942103919 -0.023599936 3.11641957 0.080234601 -0.085462484 ...
   -0.362920593;
   -0.127692912 -1.942103919 -0.023599936 3.11641957 0.080153695 -0.085381578 ...
   -0.362817848;
   -0.127692912 -1.942103919 -0.023599936 3.11641957 0.080153695 -0.085381578 ...
   -0.362817848;
   -0.127692912 -1.942103919 -0.023599936 3.11641957 0.080153695 -0.085381578 ...
   -0.362920593;
   -0.127692912 -1.942103919 -0.023599936 3.11641957 0.080153695 -0.085381578 ...
   -0.362920593;
   -0.127692912 -1.942076769 -0.023554324 3.11641957 0.080153695 -0.085381578 ...
   -0.362817848;
   -0.127692912 -1.942103919 -0.023599936 3.11641957 0.080153695 -0.085381578 ...
   -0.362817848;
   -0.127692912 -1.942103919 -0.023599936 3.11641957 0.080153695 -0.085381578 ...
   -0.362920593;
   -0.127692912 -1.942076769 -0.023554324 3.11641957 0.080153695 -0.085381578 ...
   -0.362817848;
   -0.127692912 -1.942076769 -0.023554324 3.11641957 0.080234601 -0.085462484 ...
   -0.362920593;
   -0.127692912 -1.942103919 -0.023599936 3.11641957 0.080153695 -0.085381578 ...
   -0.362817848;
   -0.127692912 -1.942076769 -0.023554324 3.11641957 0.080153695 -0.085381578 ...
   -0.362817848;
   -0.127692912 -1.942103919 -0.023599936 3.11641957 0.080234601 -0.085462484 ...
   -0.362920593;
   -0.127692912 -1.942103919 -0.023599936 3.11641957 0.080153695 -0.085381578 ...
   -0.362920593;
   -0.127692912 -1.942103919 -0.023599936 3.11641957 0.080153695 -0.085381578 ...
   -0.362920593;
   -0.127692912 -1.942103919 -0.023599936 3.11641957 0.080153695 -0.085381578 ...
   -0.362920593;
   -0.127692912 -1.942103919 -0.023599936 3.11641957 0.080153695 -0.085381578 ...
   -0.362920593;
   -0.127692912 -1.942103919 -0.023599936 3.11641957 0.080153695 -0.085381578 ...
   -0.362817848;
   -0.127692912 -1.942103919 -0.023599936 3.11641957 0.080153695 -0.085381578 ...
   -0.362920593;
   -0.127692912 -1.942103919 -0.023599936 3.11641957 0.080153695 -0.085381578 ...
   -0.362817848;
   -0.127692912 -1.942103919 -0.023599936 3.11641957 0.080153695 -0.085381578 ...
   -0.362817848;
   -0.127692912 -1.942103919 -0.023599936 3.11641957 0.080153695 -0.085381578 ...
   -0.362817848;
   -0.127692912 -1.942103919 -0.023599936 3.11641957 0.080234601 -0.085462484 ...
   -0.362817848;
   -0.127692912 -1.942103919 -0.023599936 3.11641957 0.080153695 -0.085381578 ...
   -0.362817848;
   -0.127692912 -1.942103919 -0.023599936 3.11641957 0.080153695 -0.085381578 ...
   -0.362817848;
   -0.127692912 -1.942076769 -0.023554324 3.11641957 0.080153695 -0.085381578 ...
   -0.362817848;
