<?xml version="1.0" encoding="UTF-8" standalone="no" ?>
<SimMechanicsImportXML version="1.0" xmlns="urn:mathworks:simmechanics:import" xmlns:xsi="http://www.w3.org/2001/XMLSchema-instance">
<Created by="" on="03/28/16||12:49:22" using="SimMechanics Link Version 4.6" from="SolidWorks 24.1.0"/>
<ModelUnits mass="kilogram" length="millimeter"/>
<DataUnits mass="kilogram" length="meter"/>
<RootAssembly name="Shelled_7DOF_FT_Hand" uid="Shelled_7DOF_FT_Hand" version="724">
<AssemblyFile name="Shelled_7DOF_FT_Hand.SLDASM" type="SolidWorks Assembly"/>
<InstanceTree>
<Instance name="B2573-1" uid="B2573-1" entityUid="B2573*:*Default">
<Transform>
<Rotation>-0.3908010848796693 -0.91449935591365805 -0.10471599729925637 -0.81460649859083945 0.29063738974923348 0.50194238726503781 -0.42859160573959715 0.28146196139666285 -0.85853852550499876</Rotation>
<Translation>-0.095848619354400699 0.90797610251833361 0.19551378874043335</Translation>
</Transform>
</Instance>
<Instance name="B2574-1" uid="B2574-1" entityUid="B2574*:*Default">
<Transform>
<Rotation>-0.39234687795385254 -0.91449935591365916 -0.098766671470528172 -0.80688672977285336 0.29063738974923153 0.51426035526396907 -0.44158547607041504 0.28146196139666158 -0.85192806715732117</Rotation>
<Translation>-0.10133561548988222 0.90971992685682646 0.1972025605088244</Translation>
</Transform>
</Instance>
<Instance name="B2124-1" uid="B2124-1" entityUid="B2124*:*Default">
<Transform>
<Rotation>0.84618716189689058 1.0004624911668291e-016 0.53288581050811024 0 1 -1.8774420093500811e-016 -0.53288581050811024 1.5886671464598383e-016 0.84618716189689058</Rotation>
<Translation>0 0.34600000000000025 0</Translation>
</Transform>
</Instance>
<Instance name="B2125-1" uid="B2125-1" entityUid="B2125*:*Default">
<Transform>
<Rotation>0.53288581050811024 0.27900083250565755 -0.79886873040585604 5.4773893753967684e-016 0.94408041905887452 0.32971527466834188 0.84618716189689036 -0.17570059137854402 0.50308705929502484</Rotation>
<Translation>0 0.34599999999999664 0</Translation>
</Transform>
</Instance>
<Instance name="B2571-1" uid="B2571-1" entityUid="B2571*:*Default">
<Transform>
<Rotation>0.78791580524637828 -0.6152984137594758 -0.02442428848552082 -0.12046235886126329 -0.11511705555048934 -0.98602073184034289 0.60388534006095174 0.77984352632208109 -0.16482284584671592</Rotation>
<Translation>0.084929970880734146 0.91502309870990617 0.0026962044167771352</Translation>
</Transform>
</Instance>
<Instance name="B2127-1" uid="B2127-1" entityUid="B2127*:*Default">
<Transform>
<Rotation>0.78791580524637761 0.024424288485522066 -0.61529841375947658 -0.12046235886126445 0.986020731840343 -0.1151170555504886 0.60388534006095229 0.16482284584671611 0.77984352632208054</Rotation>
<Translation>0.12874766210332741 0.87905571083227751 -0.061649401067837749</Translation>
</Transform>
</Instance>
<Instance name="B3308-1" uid="B3308-1" entityUid="B3308*:*Default">
<Transform>
<Rotation>-0.39080108487967347 -0.61529841375947625 -0.68460380811235821 -0.81460649859083512 -0.11511705555048618 0.56847543128526301 -0.42859160573960126 0.77984352632208109 -0.45623821622381822</Rotation>
<Translation>-0.054441272819921616 0.88894793445716302 0.17933856156399072</Translation>
</Transform>
</Instance>
<Instance name="B2123-1" uid="B2123-1" entityUid="B2123*:*Default">
<Transform>
<Rotation>1 0 0 0 1 0 0 0 1</Rotation>
<Translation>0 0 0</Translation>
</Transform>
</Instance>
<Instance name="B2126-1" uid="B2126-1" entityUid="B2126*:*Default">
<Transform>
<Rotation>-0.78791580524637728 0.27900083250565882 0.54895101721747641 0.12046235886126509 0.94408041905887408 -0.30692178555325839 -0.60388534006095285 -0.17570059137854335 -0.77746498200799841</Rotation>
<Translation>0 0.34599999999999625 1.4040418133687282e-015</Translation>
</Transform>
</Instance>
<Instance name="B1106-1" uid="B1106-1" entityUid="B1106*:*Default">
<Transform>
<Rotation>0.79886873040585649 0.27900083250565721 0.53288581050810979 -0.32971527466834144 0.94408041905887452 9.7144514654701197e-016 -0.50308705929502395 -0.17570059137854396 0.8461871618968908</Rotation>
<Translation>-0.048212711663578538 0.26068759176245138 0.10125164267696696</Translation>
</Transform>
<VisualProperties>
<Ambient r="0" g="0" b="0.32156862745098036" a="0.25"/>
<Diffuse r="0" g="0" b="0.32156862745098036" a="0.25"/>
<Specular r="0" g="0" b="0.096470592068690866" a="0.25"/>
<Emissive r="0" g="0" b="0" a="0.25"/>
<Shininess>0.5</Shininess>
</VisualProperties>
</Instance>
<Instance name="B1107-1" uid="B1107-1" entityUid="B1107*:*Default">
<Transform>
<Rotation>0.5328858105081109 0.79886873040585593 0.27900083250565672 0 -0.32971527466834055 0.94408041905887474 0.84618716189689003 -0.5030870592950254 -0.17570059137854313</Rotation>
<Translation>-0.26307006833938701 0.53327110001554345 -0.031859821585094719</Translation>
</Transform>
</Instance>
<Instance name="B1995-1" uid="B1995-1" entityUid="B1995" rigid="true">
<Transform>
<Rotation>-0.84618716189689058 2.0072612914021768e-016 0.53288581050811001 -2.4492528905909802e-016 -1 0 0.53288581050811001 -1.4088086798897035e-016 0.84618716189689058</Rotation>
<Translation>0 0.3460000000000002 0</Translation>
</Transform>
<Instance name="B1998-1" uid="B1998-1" entityUid="B1998*:*X1">
<Transform>
<Rotation>1.8941416406567896e-016 0 0.99999999999999978 1 -3.4914813388431334e-015 -2.4492531529704949e-016 3.491481338843133e-015 0.99999999999999978 0</Rotation>
<Translation>0 0 0</Translation>
</Transform>
</Instance>
<Instance name="B1998-2" uid="B1998-2" entityUid="B1998*:*Y1">
<Transform>
<Rotation>0 0.99999999999999978 0 0 0 1 0.99999999999999978 0 0</Rotation>
<Translation>0 0 0</Translation>
</Transform>
</Instance>
<Instance name="B1998-3" uid="B1998-3" entityUid="B1998*:*Z1">
<Transform>
<Rotation>1.0719373376358869e-014 0.99999999999999978 0 -1 1.071937337635887e-014 0 0 0 0.99999999999999978</Rotation>
<Translation>0 0 0</Translation>
</Transform>
</Instance>
<Instance name="B1999-2" uid="B1999-2" grounded="true" entityUid="B1999*:*100">
<Transform>
<Rotation>0 -0.96592582628906698 -0.2588190451025249 0 0.2588190451025249 -0.9659258262890672 1 0 1.1102230246251565e-016</Rotation>
<Translation>0 0 0.019000000000000003</Translation>
</Transform>
</Instance>
</Instance>
<Instance name="B1995-2" uid="B1995-2" entityUid="B1995" rigid="true">
<Transform>
<Rotation>1.1102230246251565e-016 -1.0000000000000002 0 0 0 1 -1.0000000000000002 0 0</Rotation>
<Translation>0 0.34599999999999903 0</Translation>
</Transform>
<Instance name="B1998-1" uid="B1998-1" entityUid="B1998*:*X0">
<Transform>
<Rotation>1.3390301283442123e-016 0 1.0000000000000002 1.0000000000000002 -3.4914813388431334e-015 -1.8941416406567876e-016 3.5278210338350244e-015 1 0</Rotation>
<Translation>0 0 0</Translation>
</Transform>
</Instance>
<Instance name="B1998-2" uid="B1998-2" entityUid="B1998*:*Y0">
<Transform>
<Rotation>0 1 0 0 0 1 1 0 0</Rotation>
<Translation>0 0 0</Translation>
</Transform>
</Instance>
<Instance name="B1999-2" uid="B1999-2" grounded="true" entityUid="B1999*:*100">
<Transform>
<Rotation>0 -0.96592582628906731 -0.25881904510252485 1.1520905504000619e-016 0.25881904510252496 -0.9659258262890672 0.99999999999999989 0 0</Rotation>
<Translation>0 0 0.019000000000000017</Translation>
</Transform>
</Instance>
<Instance name="B1998-3" uid="B1998-3" entityUid="B1998*:*Z0">
<Transform>
<Rotation>1.077488452759013e-014 1 0 -1 1.077488452759013e-014 0 0 0 1</Rotation>
<Translation>0 0 0</Translation>
</Transform>
</Instance>
</Instance>
<Instance name="B4367-1" uid="B4367-1" entityUid="B4367*:*Default">
<Transform>
<Rotation>-0.78791580524637672 -0.61477843822120515 0.035159006545259844 0.12046235886126432 -0.097891088097632709 0.98787962574832033 -0.60388534006095385 0.78260130767163749 0.15118759635006077</Rotation>
<Translation>0.12346035258246393 0.93369810407201637 0.14378372474723741</Translation>
</Transform>
</Instance>
<Instance name="B1995-3" uid="B1995-3" entityUid="B1995" rigid="true">
<Transform>
<Rotation>-0.79886873040585671 0.53288581050811124 0.27900083250565388 0.329715274668339 2.7893470713930921e-015 0.9440804190588753 0.50308705929502529 0.84618716189688992 -0.17570059137854457</Rotation>
<Translation>-8.6397584556335658e-016 0.3459999999999967 1.0178268350208918e-015</Translation>
</Transform>
<Instance name="B1999-2" uid="B1999-2" entityUid="B1999*:*100">
<Transform>
<Rotation>0 -0.96592582628906709 -0.2588190451025249 0 0.25881904510252496 -0.96592582628906709 0.99999999999999989 0 0</Rotation>
<Translation>0 0 0.018999999999999906</Translation>
</Transform>
</Instance>
<Instance name="B1998-1" uid="B1998-1" entityUid="B1998*:*X2">
<Transform>
<Rotation>1.6653345369377348e-016 0 1 1 -3.4972025275692431e-015 -1.6653345369377328e-016 3.4972025275692431e-015 1 0</Rotation>
<Translation>0 0 0</Translation>
</Transform>
</Instance>
<Instance name="B1998-3" uid="B1998-3" entityUid="B1998*:*Z2">
<Transform>
<Rotation>-3.4972025275692431e-015 -0.99999999999999989 0 1 -3.5527136788005009e-015 0 0 0 0.99999999999999978</Rotation>
<Translation>0 0 0</Translation>
</Transform>
</Instance>
<Instance name="B1998-2" uid="B1998-2" entityUid="B1998*:*Y2">
<Transform>
<Rotation>0 0.99999999999999978 0 0 0 1 0.99999999999999989 0 0</Rotation>
<Translation>0 0 0</Translation>
</Transform>
</Instance>
</Instance>
<Instance name="B4369-2" uid="B4369-2" entityUid="B4369*:*Default">
<Transform>
<Rotation>0.84618716189689058 -4.5474621707013898e-016 0.5328858105081099 6.1756152384613142e-016 0.99999999999999989 -1.2728133260907232e-016 -0.53288581050811001 4.3679360277629433e-016 0.84618716189689047</Rotation>
<Translation>-0.0003566862474794808 0.11380876081726556 0.20561582694076266</Translation>
</Transform>
</Instance>
<Instance name="B1995-5" uid="B1995-5" entityUid="B1995" rigid="true">
<Transform>
<Rotation>-0.024424288485523499 0.7879158052463775 -0.61529841375947669 -0.98602073184034311 -0.12046235886126504 -0.11511705555048693 -0.16482284584671514 0.6038853400609524 0.77984352632208054</Rotation>
<Translation>0.12984675508517945 0.92342664376508976 -0.054232373004739903</Translation>
</Transform>
<Instance name="B1999-2" uid="B1999-2" entityUid="B1999*:*100">
<Transform>
<Rotation>0 -0.9659258262890672 -0.25881904510252496 1.6653345369377348e-016 0.25881904510252485 -0.96592582628906709 0.99999999999999978 0 1.1102230246251565e-016</Rotation>
<Translation>0 0 0.019000000000000017</Translation>
</Transform>
</Instance>
<Instance name="B1998-1" uid="B1998-1" entityUid="B1998*:*X4">
<Transform>
<Rotation>1.8041124150158799e-016 0 1 1 -3.4972025275692443e-015 -1.8041124150158769e-016 3.4972025275692439e-015 1 0</Rotation>
<Translation>0 0 0</Translation>
</Transform>
</Instance>
<Instance name="B1998-3" uid="B1998-3" entityUid="B1998*:*Z4">
<Transform>
<Rotation>1.0713652187632764e-014 0.99999999999999989 0 -1 1.0713652187632762e-014 0 0 0 0.99999999999999989</Rotation>
<Translation>0 0 0</Translation>
</Transform>
</Instance>
<Instance name="B1998-2" uid="B1998-2" entityUid="B1998*:*Y4">
<Transform>
<Rotation>0 0.99999999999999989 0 0 0 0.99999999999999989 1 0 0</Rotation>
<Translation>0 0 0</Translation>
</Transform>
</Instance>
</Instance>
<Instance name="B1995-7" uid="B1995-7" entityUid="B1995" rigid="true">
<Transform>
<Rotation>0.10471599729925822 0.39080108487966925 -0.91449935591365805 -0.50194238726503559 0.814606498590841 0.29063738974923309 0.85853852550499954 0.42859160573959498 0.28146196139666368</Rotation>
<Translation>-0.051998375238337162 0.89404003967985668 0.18201768769146034</Translation>
</Transform>
<Instance name="B1998-1" uid="B1998-1" entityUid="B1998*:*X6">
<Transform>
<Rotation>3.3306690738754696e-016 2.2204460492503131e-016 1 1.0000000000000002 -3.6359804056473877e-015 -3.3306690738754696e-016 3.6637359812630166e-015 1 -1.9428902930940239e-016</Rotation>
<Translation>0 0 0</Translation>
</Transform>
</Instance>
<Instance name="B1998-2" uid="B1998-2" entityUid="B1998*:*Y6">
<Transform>
<Rotation>1.9428902930940239e-016 1 1.1102230246251568e-016 -1.8041124150158794e-016 -1.1102230246251564e-016 1 1 -1.9428902930940242e-016 1.8041124150158791e-016</Rotation>
<Translation>0 0 0</Translation>
</Transform>
</Instance>
<Instance name="B1999-2" uid="B1999-2" entityUid="B1999*:*100">
<Transform>
<Rotation>1.9428902930940239e-016 -0.96592582628906709 -0.25881904510252512 -1.2490009027033011e-016 0.25881904510252501 -0.96592582628906709 1 1.9428902930940239e-016 0</Rotation>
<Translation>0 0 0.019000000000000017</Translation>
</Transform>
</Instance>
<Instance name="B1998-3" uid="B1998-3" entityUid="B1998*:*Z6">
<Transform>
<Rotation>1.0547118733938987e-014 0.99999999999999989 1.9428902930940239e-016 -1.0000000000000002 1.0658141036401503e-014 -1.8041124150158794e-016 0 -1.6653345369377348e-016 1</Rotation>
<Translation>0 0 0</Translation>
</Transform>
</Instance>
</Instance>
<Instance name="B1995-8" uid="B1995-8" entityUid="B1995" rigid="true">
<Transform>
<Rotation>0.18509053264798622 -0.35976717854410895 -0.91449935591365827 0.91914417953109639 -0.26590202126697005 0.29063738974923287 -0.34772902087429003 -0.89435098944908142 0.28146196139666285</Rotation>
<Translation>-0.10686833659316168 0.91147828306481227 0.19890540537526033</Translation>
</Transform>
<Instance name="B1999-2" uid="B1999-2" entityUid="B1999*:*100">
<Transform>
<Rotation>0 -0.9659258262890672 -0.25881904510252496 0 0.25881904510252496 -0.96592582628906709 1 0 1.1102230246251565e-016</Rotation>
<Translation>0 0 0.019000000000000017</Translation>
</Transform>
</Instance>
<Instance name="B1998-1" uid="B1998-1" entityUid="B1998*:*X7">
<Transform>
<Rotation>1.1102230246251565e-016 0 1 1 -3.4972025275692431e-015 -3.3306690738754696e-016 3.4416913763379853e-015 1 0</Rotation>
<Translation>0 0 0</Translation>
</Transform>
</Instance>
<Instance name="B1998-2" uid="B1998-2" entityUid="B1998*:*Y7">
<Transform>
<Rotation>0 1 0 0 0 0.99999999999999989 0.99999999999999989 0 0</Rotation>
<Translation>0 0 0</Translation>
</Transform>
</Instance>
<Instance name="B1998-3" uid="B1998-3" entityUid="B1998*:*Z7">
<Transform>
<Rotation>1.0769163338864018e-014 1 0 -0.99999999999999989 1.0658141036401503e-014 0 0 0 0.99999999999999989</Rotation>
<Translation>0 0 0</Translation>
</Transform>
</Instance>
</Instance>
<Instance name="B4851-1" uid="B4851-1" entityUid="B4851" rigid="true">
<Transform>
<Rotation>0.17377448820223068 -0.91449935591365838 0.36536742504437431 0.91039959518482916 0.29063738974923325 0.29445285661214293 -0.3754663824330372 0.28146196139666191 0.8830652070766869</Rotation>
<Translation>-0.11778142320702181 0.91494657529164602 0.20226420354538982</Translation>
</Transform>
<Instance name="B4850-1" uid="B4850-1" entityUid="B4850*:*Default">
<Transform>
<Rotation>1 0 0 0 -1.3877787807814459e-016 -1 0 1 -1.3877787807814459e-016</Rotation>
<Translation>0 0 0</Translation>
</Transform>
</Instance>
<Instance name="B4160-1" uid="B4160-1" entityUid="B4160*:*Default">
<Transform>
<Rotation>-1 5.936670009280483e-016 5.8797031970114784e-016 0 -0.76026335860289584 0.64961498255955008 8.326672684688676e-016 0.64961498255955008 0.76026335860289584</Rotation>
<Translation>0.00030000000000007798 0.061991550368068304 0.11993169750779492</Translation>
</Transform>
</Instance>
<Instance name="B4159-1" uid="B4159-1" entityUid="B4159*:*Default">
<Transform>
<Rotation>-1 0 0 0 0.99902425011135265 -0.044165005258117201 0 -0.044165005258117201 -0.99902425011135265</Rotation>
<Translation>0.00024999999999997247 0.058900000000000174 0.049999999999999989</Translation>
</Transform>
</Instance>
<Instance name="B4158-2" uid="B4158-2" entityUid="B4158*:*Default">
<Transform>
<Rotation>0.87829086339268247 -2.3592239273284576e-016 0.47812671885279151 3.3306690738754696e-016 1 -4.4408920985006262e-016 -0.47812671885279145 4.4408920985006262e-016 0.87829086339268236</Rotation>
<Translation>-0.025000000000000022 0.025000000000000133 0</Translation>
</Transform>
</Instance>
<Instance name="B4159-2" uid="B4159-2" entityUid="B4159*:*Default">
<Transform>
<Rotation>0.87829086339268225 0.020598411921277787 0.47768280763207061 3.0531133177191805e-016 0.99907156156889521 -0.043081490971058178 -0.47812671885279168 0.037838079901214738 0.87747542440142035</Rotation>
<Translation>-0.04912590865848776 0.058900000000000174 -0.043795011489920987</Translation>
</Transform>
</Instance>
<Instance name="B4160-2" uid="B4160-2" entityUid="B4160*:*Default">
<Transform>
<Rotation>0.87951030132832331 0.29589083846653685 0.3727066427754302 -1.526556658859591e-016 -0.78319484264583628 0.62177635726438152 0.47587984813118778 -0.54685871133642328 -0.68882793205422821</Rotation>
<Translation>0.081836842795920517 0.060098867679964196 -0.1056749701242386</Translation>
</Transform>
</Instance>
<Instance name="B4160-3" uid="B4160-3" entityUid="B4160*:*Default">
<Transform>
<Rotation>0.87829086339268281 -0.31007230872252267 -0.3639509893439235 3.3306690738754711e-016 -0.76120194708461553 0.64851491559916374 -0.47812671885279134 -0.56958472514462222 -0.66855671532113814</Rotation>
<Translation>-0.082607619735902249 0.061915704367974222 -0.10519438486207783</Translation>
</Transform>
</Instance>
<Instance name="B4814-1" uid="B4814-1" entityUid="B4814*:*Default">
<Transform>
<Rotation>-1 0 0 0 1 0 0 0 -1</Rotation>
<Translation>0.065138517374172866 0.0069640188024630012 -0.04443649999999999</Translation>
</Transform>
</Instance>
<Instance name="B4158-1" uid="B4158-1" entityUid="B4158*:*Default">
<Transform>
<Rotation>0.87951030132832286 0 -0.47587984813118828 1.7694179454963437e-016 1 1.8267038719873643e-016 0.47587984813118828 -2.44863521607262e-016 0.87951030132832286</Rotation>
<Translation>0.025000000000000133 0.025000000000000133 0</Translation>
</Transform>
</Instance>
<Instance name="B1995-5" uid="B1995-5" entityUid="B1995" rigid="true">
<Transform>
<Rotation>1 -5.5511151231257827e-016 -1.8041124150158794e-016 0 -4.7184478546569153e-016 0.99999999999999989 -6.6613381477509392e-016 -1 -5.5511151231257827e-016</Rotation>
<Translation>0.025000000000000133 0.055295181438493213 0</Translation>
</Transform>
<Instance name="B1998-2" uid="B1998-2" entityUid="B1998*:*HY1">
<Transform>
<Rotation>0 1 1.1102230246251565e-016 0 1.1102230246251565e-016 1 0.99999999999999978 0 0</Rotation>
<Translation>0 0 0</Translation>
</Transform>
<VisualProperties>
<Ambient r="0" g="1" b="0" a="1"/>
<Diffuse r="0" g="1" b="0" a="1"/>
<Specular r="0" g="1" b="0" a="1"/>
<Emissive r="0" g="0" b="0" a="1"/>
<Shininess>0.3125</Shininess>
</VisualProperties>
</Instance>
<Instance name="B1998-1" uid="B1998-1" entityUid="B1998*:*HX1_m">
<Transform>
<Rotation>2.7755575615628914e-016 0 1 1 -3.4139358007223564e-015 -2.7755575615628904e-016 3.4139358007223564e-015 1 0</Rotation>
<Translation>0 0 0</Translation>
</Transform>
</Instance>
<Instance name="B1999-2" uid="B1999-2" entityUid="B1999*:*020">
<Transform>
<Rotation>0 -0.9659258262890672 -0.25881904510252485 0 0.25881904510252485 -0.96592582628906698 0.99999999999999978 0 0</Rotation>
<Translation>0 0 0.018999999999999961</Translation>
</Transform>
</Instance>
<Instance name="B1998-3" uid="B1998-3" entityUid="B1998*:*HZ1">
<Transform>
<Rotation>1.0658141036401503e-014 1 0 -1 1.0824674490095276e-014 0 0 0 0.99999999999999978</Rotation>
<Translation>0 0 0</Translation>
</Transform>
<VisualProperties>
<Ambient r="0" g="0" b="1" a="1"/>
<Diffuse r="0" g="0" b="1" a="1"/>
<Specular r="0" g="0" b="1" a="1"/>
<Emissive r="0" g="0" b="0" a="1"/>
<Shininess>0.31</Shininess>
</VisualProperties>
</Instance>
</Instance>
<Instance name="B1995-10" uid="B1995-10" entityUid="B1995" rigid="true">
<Transform>
<Rotation>1 0 0 0 0 1 0 -1 0</Rotation>
<Translation>0 0 0</Translation>
</Transform>
<Instance name="B1998-2" uid="B1998-2" entityUid="B1998*:*HYW">
<Transform>
<Rotation>0 1 0 0 0 1 1 0 0</Rotation>
<Translation>0 0 0</Translation>
</Transform>
<VisualProperties>
<Ambient r="0" g="1" b="0" a="1"/>
<Diffuse r="0" g="1" b="0" a="1"/>
<Specular r="0" g="1" b="0" a="1"/>
<Emissive r="0" g="0" b="0" a="1"/>
<Shininess>0.3125</Shininess>
</VisualProperties>
</Instance>
<Instance name="B1999-2" uid="B1999-2" entityUid="B1999*:*020">
<Transform>
<Rotation>0 -0.96592582628906709 -0.25881904510252474 0 0.25881904510252479 -0.96592582628906698 0.99999999999999989 0 0</Rotation>
<Translation>0 0 0.1399999999999999</Translation>
</Transform>
</Instance>
<Instance name="B1998-1" uid="B1998-1" entityUid="B1998*:*HXW">
<Transform>
<Rotation>0 -2.2204460492503141e-016 1 0 -1 -2.2204460492503141e-016 1 0 0</Rotation>
<Translation>0 0 0</Translation>
</Transform>
</Instance>
<Instance name="B1998-3" uid="B1998-3" entityUid="B1998*:*HZW">
<Transform>
<Rotation>-1 0 0 0 -1 0 0 0 1</Rotation>
<Translation>0 0 0</Translation>
</Transform>
<VisualProperties>
<Ambient r="0" g="0" b="1" a="1"/>
<Diffuse r="0" g="0" b="1" a="1"/>
<Specular r="0" g="0" b="1" a="1"/>
<Emissive r="0" g="0" b="0" a="1"/>
<Shininess>0.31</Shininess>
</VisualProperties>
</Instance>
</Instance>
<Instance name="B4159-3" uid="B4159-3" entityUid="B4159*:*Default">
<Transform>
<Rotation>0.87951030132832242 -0.0081502424210111724 -0.4758100497108505 7.7021722333370235e-016 0.99985332764013379 -0.017126681142344946 0.47587984813118878 0.015063092492257429 0.87938130147689986</Rotation>
<Translation>0.0485741148312272 0.058900000000000119 -0.044094485028449038</Translation>
</Transform>
</Instance>
<Instance name="B1995-11" uid="B1995-11" entityUid="B1995" rigid="true">
<Transform>
<Rotation>-0.47812671885279179 1.7061464108746431e-016 0.87829086339268247 1.0269562977782702e-015 1 3.6480011045181512e-016 -0.87829086339268247 1.0763870132896918e-015 -0.47812671885279179</Rotation>
<Translation>-0.048906335942639489 0.05890000000000023 -0.043914543169634113</Translation>
</Transform>
<Instance name="B1998-3" uid="B1998-3" entityUid="B1998*:*HZ2_m">
<Transform>
<Rotation>1.0769163338864022e-014 1 1.1102230246251627e-016 -1 1.0769163338864022e-014 0 0 -1.1102230246251568e-016 1</Rotation>
<Translation>0 0 0</Translation>
</Transform>
<VisualProperties>
<Ambient r="0" g="0" b="1" a="1"/>
<Diffuse r="0" g="0" b="1" a="1"/>
<Specular r="0" g="0" b="1" a="1"/>
<Emissive r="0" g="0" b="0" a="1"/>
<Shininess>0.31</Shininess>
</VisualProperties>
</Instance>
<Instance name="B1998-2" uid="B1998-2" entityUid="B1998*:*HY2">
<Transform>
<Rotation>0 1 0 0 0 1 1 0 0</Rotation>
<Translation>0 0 0</Translation>
</Transform>
<VisualProperties>
<Ambient r="0" g="1" b="0" a="1"/>
<Diffuse r="0" g="1" b="0" a="1"/>
<Specular r="0" g="1" b="0" a="1"/>
<Emissive r="0" g="0" b="0" a="1"/>
<Shininess>0.3125</Shininess>
</VisualProperties>
</Instance>
<Instance name="B1999-2" uid="B1999-2" entityUid="B1999*:*020">
<Transform>
<Rotation>0 -0.96592582628906709 -0.2588190451025249 1.110223024625157e-016 0.2588190451025249 -0.96592582628906709 1 0 1.0723930924262021e-016</Rotation>
<Translation>0 0 0.018999999999999961</Translation>
</Transform>
</Instance>
<Instance name="B1998-1" uid="B1998-1" entityUid="B1998*:*HX2_m">
<Transform>
<Rotation>-2.2204460492503136e-016 0 1 -1 1.0769163338864022e-014 -2.2204460492503195e-016 -1.0769163338864022e-014 -1 0</Rotation>
<Translation>0 0 0</Translation>
</Transform>
</Instance>
</Instance>
<Instance name="B1995-12" uid="B1995-12" entityUid="B1995" rigid="true">
<Transform>
<Rotation>0.47587984813118861 -2.9513614491919792e-016 0.87951030132832242 0 0.99999999999999989 3.3556871872160493e-016 -0.87951030132832253 -1.5969039090281494e-016 0.47587984813118855</Rotation>
<Translation>0.048793992406559461 0.058900000000000063 -0.043975515066416115</Translation>
</Transform>
<Instance name="B1998-3" uid="B1998-3" entityUid="B1998*:*HZ2_m">
<Transform>
<Rotation>1.0824674490095276e-014 1 -1.3877787807814444e-016 -0.99999999999999989 1.0824674490095279e-014 0 0 1.3877787807814454e-016 0.99999999999999989</Rotation>
<Translation>0 0 0</Translation>
</Transform>
<VisualProperties>
<Ambient r="0" g="0" b="1" a="1"/>
<Diffuse r="0" g="0" b="1" a="1"/>
<Specular r="0" g="0" b="1" a="1"/>
<Emissive r="0" g="0" b="0" a="1"/>
<Shininess>0.31</Shininess>
</VisualProperties>
</Instance>
<Instance name="B1998-2" uid="B1998-2" entityUid="B1998*:*HY2">
<Transform>
<Rotation>1.1102230246251565e-016 1 1.1102230246251564e-016 0 -1.1102230246251564e-016 1 1 -1.1102230246251568e-016 0</Rotation>
<Translation>0 0 0</Translation>
</Transform>
<VisualProperties>
<Ambient r="0" g="1" b="0" a="1"/>
<Diffuse r="0" g="1" b="0" a="1"/>
<Specular r="0" g="1" b="0" a="1"/>
<Emissive r="0" g="0" b="0" a="1"/>
<Shininess>0.3125</Shininess>
</VisualProperties>
</Instance>
<Instance name="B1999-2" uid="B1999-2" entityUid="B1999*:*020">
<Transform>
<Rotation>1.2490009027033011e-016 -0.9659258262890672 -0.25881904510252485 0 0.2588190451025249 -0.96592582628906709 0.99999999999999989 1.1166463342656264e-016 0</Rotation>
<Translation>0 0 0.019000000000000017</Translation>
</Transform>
</Instance>
<Instance name="B1998-1" uid="B1998-1" entityUid="B1998*:*HX2_m">
<Transform>
<Rotation>-2.2204460492503141e-016 -1.2490009027033011e-016 0.99999999999999989 -1 1.0748346657152298e-014 -2.2204460492503003e-016 -1.0748346657152301e-014 -0.99999999999999989 -1.249000902703325e-016</Rotation>
<Translation>0 0 0</Translation>
</Transform>
</Instance>
</Instance>
<Instance name="B1995-13" uid="B1995-13" entityUid="B1995" rigid="true">
<Transform>
<Rotation>0 0 -0.99999999999999989 0 0.99999999999999989 0 1 0 0</Rotation>
<Translation>0 0.058900000000000174 0.049999999999999989</Translation>
</Transform>
<Instance name="B1998-3" uid="B1998-3" entityUid="B1998*:*HZ2_m">
<Transform>
<Rotation>1.074140776324839e-014 1 0 -0.99999999999999989 1.0741407763248391e-014 0 0 0 0.99999999999999989</Rotation>
<Translation>0 0 0</Translation>
</Transform>
<VisualProperties>
<Ambient r="0" g="0" b="1" a="1"/>
<Diffuse r="0" g="0" b="1" a="1"/>
<Specular r="0" g="0" b="1" a="1"/>
<Emissive r="0" g="0" b="0" a="1"/>
<Shininess>0.31</Shininess>
</VisualProperties>
</Instance>
<Instance name="B1998-2" uid="B1998-2" entityUid="B1998*:*HY2">
<Transform>
<Rotation>0 1 0 0 0 1 1 0 0</Rotation>
<Translation>0 0 0</Translation>
</Transform>
<VisualProperties>
<Ambient r="0" g="1" b="0" a="1"/>
<Diffuse r="0" g="1" b="0" a="1"/>
<Specular r="0" g="1" b="0" a="1"/>
<Emissive r="0" g="0" b="0" a="1"/>
<Shininess>0.3125</Shininess>
</VisualProperties>
</Instance>
<Instance name="B1999-2" uid="B1999-2" entityUid="B1999*:*020">
<Transform>
<Rotation>0 -0.9659258262890672 -0.25881904510252501 0 0.25881904510252501 -0.9659258262890672 1 0 0</Rotation>
<Translation>0 0 0.018999999999999906</Translation>
</Transform>
</Instance>
<Instance name="B1998-1" uid="B1998-1" entityUid="B1998*:*HX2_m">
<Transform>
<Rotation>-3.3306690738754696e-016 0 0.99999999999999989 -0.99999999999999989 1.0713652187632762e-014 -3.3306690738754637e-016 -1.0713652187632761e-014 -1 0</Rotation>
<Translation>0 0 0</Translation>
</Transform>
</Instance>
</Instance>
<Instance name="B1995-14" uid="B1995-14" entityUid="B1995" rigid="true">
<Transform>
<Rotation>0.47572217656836469 0.012249105208932617 0.87951030132832331 -0.02573991157019126 0.99966867358758371 1.8388068845354155e-016 -0.87921889633550099 -0.022638517381263518 0.47587984813118717</Rotation>
<Translation>0.081880818310986814 0.060098867679964085 -0.10565117613183206</Translation>
</Transform>
<Instance name="B1998-3" uid="B1998-3" entityUid="B1998*:*HZ3_m">
<Transform>
<Rotation>1.0713652187632761e-014 1.0000000000000002 0 -0.99999999999999989 1.074140776324839e-014 0 0 0 1</Rotation>
<Translation>0 0 0</Translation>
</Transform>
<VisualProperties>
<Ambient r="0" g="0" b="1" a="1"/>
<Diffuse r="0" g="0" b="1" a="1"/>
<Specular r="0" g="0" b="1" a="1"/>
<Emissive r="0" g="0" b="0" a="1"/>
<Shininess>0.31</Shininess>
</VisualProperties>
</Instance>
<Instance name="B1998-1" uid="B1998-1" entityUid="B1998*:*HX3_m">
<Transform>
<Rotation>-3.3306690738754706e-016 0 1 -1 1.0737938316296439e-014 -3.3306690738754706e-016 -1.0737938316296439e-014 -1 0</Rotation>
<Translation>0 0 0</Translation>
</Transform>
</Instance>
<Instance name="B1998-2" uid="B1998-2" entityUid="B1998*:*HY3">
<Transform>
<Rotation>0 1.0000000000000002 0 0 0 0.99999999999999978 1 0 0</Rotation>
<Translation>0 0 0</Translation>
</Transform>
<VisualProperties>
<Ambient r="0" g="1" b="0" a="1"/>
<Diffuse r="0" g="1" b="0" a="1"/>
<Specular r="0" g="1" b="0" a="1"/>
<Emissive r="0" g="0" b="0" a="1"/>
<Shininess>0.3125</Shininess>
</VisualProperties>
</Instance>
<Instance name="B1999-2" uid="B1999-2" entityUid="B1999*:*020">
<Transform>
<Rotation>0 -0.96592582628906731 -0.25881904510252485 0 0.25881904510252485 -0.96592582628906709 1 0 0</Rotation>
<Translation>0 0 0.019000000000000017</Translation>
</Transform>
</Instance>
</Instance>
<Instance name="B1995-15" uid="B1995-15" entityUid="B1995" rigid="true">
<Transform>
<Rotation>6.106226635438361e-016 -1.068589661201713e-015 -0.99999999999999978 0.0013091019131634407 0.99999914312572324 -1.0677893782576536e-015 0.99999914312572324 -0.0013091019131634407 6.1202103308684876e-016</Rotation>
<Translation>0.00025000000000008349 0.061991550368068471 0.11993169750779492</Translation>
</Transform>
<Instance name="B1998-3" uid="B1998-3" entityUid="B1998*:*HZ3_m">
<Transform>
<Rotation>1.0713652187632761e-014 1 0 -1 1.074140776324839e-014 0 0 0 0.99999999999999989</Rotation>
<Translation>0 0 0</Translation>
</Transform>
<VisualProperties>
<Ambient r="0" g="0" b="1" a="1"/>
<Diffuse r="0" g="0" b="1" a="1"/>
<Specular r="0" g="0" b="1" a="1"/>
<Emissive r="0" g="0" b="0" a="1"/>
<Shininess>0.31</Shininess>
</VisualProperties>
</Instance>
<Instance name="B1998-1" uid="B1998-1" entityUid="B1998*:*HX3_m">
<Transform>
<Rotation>-2.7755575615628914e-016 0 0.99999999999999989 -1 1.0658141036401503e-014 -2.4980018054066022e-016 -1.074140776324839e-014 -0.99999999999999978 0</Rotation>
<Translation>0 0 0</Translation>
</Transform>
</Instance>
<Instance name="B1998-2" uid="B1998-2" entityUid="B1998*:*HY3">
<Transform>
<Rotation>0 1 0 0 0 1 0.99999999999999989 0 0</Rotation>
<Translation>0 0 0</Translation>
</Transform>
<VisualProperties>
<Ambient r="0" g="1" b="0" a="1"/>
<Diffuse r="0" g="1" b="0" a="1"/>
<Specular r="0" g="1" b="0" a="1"/>
<Emissive r="0" g="0" b="0" a="1"/>
<Shininess>0.3125</Shininess>
</VisualProperties>
</Instance>
<Instance name="B1999-2" uid="B1999-2" entityUid="B1999*:*020">
<Transform>
<Rotation>0 -0.96592582628906709 -0.2588190451025249 0 0.25881904510252496 -0.96592582628906709 0.99999999999999989 0 0</Rotation>
<Translation>0 0 0.018999999999999906</Translation>
</Transform>
</Instance>
</Instance>
<Instance name="B1995-16" uid="B1995-16" entityUid="B1995" rigid="true">
<Transform>
<Rotation>-0.4781267067979792 0.00010736599095956256 0.87829086339268225 0.00022455551368796844 0.99999997478741043 3.8857805861880479e-016 -0.87829084124869494 0.00019722505599670259 -0.47812671885279201</Rotation>
<Translation>-0.082563705192732817 0.061915704367974222 -0.10521829119802045</Translation>
</Transform>
<Instance name="B1998-3" uid="B1998-3" entityUid="B1998*:*HZ3_m">
<Transform>
<Rotation>1.0713652187632757e-014 0.99999999999999989 0 -1 1.0713652187632756e-014 0 0 0 0.99999999999999989</Rotation>
<Translation>0 0 0</Translation>
</Transform>
<VisualProperties>
<Ambient r="0" g="0" b="1" a="1"/>
<Diffuse r="0" g="0" b="1" a="1"/>
<Specular r="0" g="0" b="1" a="1"/>
<Emissive r="0" g="0" b="0" a="1"/>
<Shininess>0.31</Shininess>
</VisualProperties>
</Instance>
<Instance name="B1998-1" uid="B1998-1" entityUid="B1998*:*HX3_m">
<Transform>
<Rotation>-2.7755575615628914e-016 0 1 -1.0000000000000002 1.0685896612017132e-014 -2.2204460492503131e-016 -1.074140776324839e-014 -1 0</Rotation>
<Translation>0 0 0</Translation>
</Transform>
</Instance>
<Instance name="B1998-2" uid="B1998-2" entityUid="B1998*:*HY3">
<Transform>
<Rotation>0 0.99999999999999989 0 0 0 0.99999999999999989 1 0 0</Rotation>
<Translation>0 0 0</Translation>
</Transform>
<VisualProperties>
<Ambient r="0" g="1" b="0" a="1"/>
<Diffuse r="0" g="1" b="0" a="1"/>
<Specular r="0" g="1" b="0" a="1"/>
<Emissive r="0" g="0" b="0" a="1"/>
<Shininess>0.3125</Shininess>
</VisualProperties>
</Instance>
<Instance name="B1999-2" uid="B1999-2" entityUid="B1999*:*020">
<Transform>
<Rotation>0 -0.96592582628906731 -0.25881904510252496 0 0.25881904510252501 -0.96592582628906731 1 1.1102230246251565e-016 0</Rotation>
<Translation>0 0 0.018999999999999961</Translation>
</Transform>
</Instance>
</Instance>
<Instance name="B1995-9" uid="B1995-9" entityUid="B1995" rigid="true">
<Transform>
<Rotation>-0.99999999999999989 7.2164496600635165e-016 3.053113317719182e-016 3.0531133177191805e-016 -3.0531133177191805e-016 0.99999999999999978 7.2164496600635175e-016 0.99999999999999989 3.053113317719178e-016</Rotation>
<Translation>-0.024999999999999911 0.055295181438493213 0</Translation>
</Transform>
<Instance name="B1998-2" uid="B1998-2" entityUid="B1998*:*HY1">
<Transform>
<Rotation>0 1.0000000000000002 0 0 0 1 1.0000000000000002 0 0</Rotation>
<Translation>0 0 0</Translation>
</Transform>
<VisualProperties>
<Ambient r="0" g="1" b="0" a="1"/>
<Diffuse r="0" g="1" b="0" a="1"/>
<Specular r="0" g="1" b="0" a="1"/>
<Emissive r="0" g="0" b="0" a="1"/>
<Shininess>0.3125</Shininess>
</VisualProperties>
</Instance>
<Instance name="B1998-1" uid="B1998-1" entityUid="B1998*:*HX1_m">
<Transform>
<Rotation>2.2204460492503131e-016 1.1102230246251565e-016 1.0000000000000002 1 -3.4972025275692431e-015 -2.2204460492503131e-016 3.5527136788005009e-015 1.0000000000000002 0</Rotation>
<Translation>0 0 0</Translation>
</Transform>
</Instance>
<Instance name="B1999-2" uid="B1999-2" entityUid="B1999*:*020">
<Transform>
<Rotation>0 -0.9659258262890672 -0.2588190451025249 0 0.25881904510252485 -0.96592582628906709 1.0000000000000002 0 0</Rotation>
<Translation>0 0 0.018999999999999961</Translation>
</Transform>
</Instance>
<Instance name="B1998-3" uid="B1998-3" entityUid="B1998*:*HZ1">
<Transform>
<Rotation>1.0713652187632761e-014 1 0 -1.0000000000000002 1.0713652187632761e-014 0 0 0 1.0000000000000002</Rotation>
<Translation>0 0 0</Translation>
</Transform>
<VisualProperties>
<Ambient r="0" g="0" b="1" a="1"/>
<Diffuse r="0" g="0" b="1" a="1"/>
<Specular r="0" g="0" b="1" a="1"/>
<Emissive r="0" g="0" b="0" a="1"/>
<Shininess>0.31</Shininess>
</VisualProperties>
</Instance>
</Instance>
</Instance>
<Instance name="B1995-9" uid="B1995-9" entityUid="B1995" rigid="true">
<Transform>
<Rotation>2.2204460492503131e-016 1 1.4839881052929285e-016 0 0 0.99999999999999989 1.0000000000000002 -2.4980018054066022e-016 0</Rotation>
<Translation>-0.14000000000000001 0 -0.21999999999999997</Translation>
</Transform>
<Instance name="B1998-1" uid="B1998-1" entityUid="B1998*:*XB">
<Transform>
<Rotation>2.2204460492503131e-016 0 1.0000000000000002 1 0 -2.4980018054066022e-016 1.4839881052929285e-016 0.99999999999999989 0</Rotation>
<Translation>0 0 0</Translation>
</Transform>
</Instance>
<Instance name="B1998-2" uid="B1998-2" entityUid="B1998*:*YB">
<Transform>
<Rotation>0 1 0 0 0 1 1 0 0</Rotation>
<Translation>0 0 0</Translation>
</Transform>
</Instance>
</Instance>
<Instance name="B1995-4" uid="B1995-4" entityUid="B1995" rigid="true">
<Transform>
<Rotation>-0.54895101721747774 -0.27900083250565888 0.78791580524637628 0.30692178555325944 -0.94408041905887408 -0.12046235886126411 0.7774649820079973 0.17570059137854435 0.60388534006095418</Rotation>
<Translation>0.12874766210332905 0.87905571083227696 -0.061649401067839615</Translation>
</Transform>
<Instance name="B1998-2" uid="B1998-2" entityUid="B1998*:*Y3">
<Transform>
<Rotation>0 1 0 1.3877787807814459e-016 0 1 1 0 -1.3877787807814459e-016</Rotation>
<Translation>0 0 0</Translation>
</Transform>
</Instance>
<Instance name="B1998-1" uid="B1998-1" entityUid="B1998*:*X3">
<Transform>
<Rotation>1.6653345369377343e-016 1.1102230246251563e-016 1 1 -3.6221026178395724e-015 -1.6653345369377304e-016 3.6221026178395724e-015 1 -1.1102230246251622e-016</Rotation>
<Translation>0 0 0</Translation>
</Transform>
</Instance>
<Instance name="B1999-2" uid="B1999-2" entityUid="B1999*:*100">
<Transform>
<Rotation>0 -0.96592582628906709 -0.25881904510252485 1.6653345369377348e-016 0.2588190451025249 -0.9659258262890672 1 -1.6653345369377348e-016 0</Rotation>
<Translation>0 0 0.019000000000000003</Translation>
</Transform>
</Instance>
<Instance name="B1998-3" uid="B1998-3" entityUid="B1998*:*Z3">
<Transform>
<Rotation>-3.4972025275692423e-015 -1 0 1 -3.4972025275692423e-015 -2.2204460492503146e-016 2.2204460492503126e-016 0 1</Rotation>
<Translation>0 0 0</Translation>
</Transform>
</Instance>
</Instance>
<Instance name="B4368-1" uid="B4368-1" entityUid="B4368*:*Default">
<Transform>
<Rotation>-0.10471599729925665 -0.39080108487966803 -0.91449935591365861 0.50194238726503859 -0.81460649859083922 0.29063738974923187 -0.85853852550499798 -0.42859160573959859 0.2814619613966628</Rotation>
<Translation>-0.026214309583797526 0.9227955544726113 0.40646039163690861</Translation>
</Transform>
</Instance>
<Instance name="B4162-1" uid="B4162-1" entityUid="B4162*:*Default">
<Transform>
<Rotation>0.17377448820223301 -0.91449935591365816 0.36536742504437425 0.91039959518482905 0.29063738974923514 0.29445285661214193 -0.37546638243303671 0.28146196139666135 0.88306520707668756</Rotation>
<Translation>-0.10680743093605674 0.91145892661465588 0.19888666000862754</Translation>
</Transform>
</Instance>
<Instance name="B1995-6" uid="B1995-6" entityUid="B1995" rigid="true">
<Transform>
<Rotation>0.68460380811235644 -0.61529841375947891 -0.3908010848796723 -0.5684754312852639 -0.11511705555048724 -0.81460649859083434 0.45623821622381971 0.77984352632207898 -0.42859160573960381</Rotation>
<Translation>-0.054441272819922427 0.88894793445717013 0.17933856156398986</Translation>
</Transform>
<Instance name="B1998-3" uid="B1998-3" entityUid="B1998*:*Z5">
<Transform>
<Rotation>1.0658141036401503e-014 0.99999999999999989 1.3877787807814516e-016 -1 1.0658141036401501e-014 0 0 -1.3877787807814457e-016 0.99999999999999989</Rotation>
<Translation>0 0 0</Translation>
</Transform>
</Instance>
<Instance name="B1998-1" uid="B1998-1" entityUid="B1998*:*X5">
<Transform>
<Rotation>2.7755575615628914e-016 0 0.99999999999999978 1 -3.4972025275692431e-015 -1.6653345369377348e-016 3.4416913763379853e-015 0.99999999999999989 0</Rotation>
<Translation>0 0 0</Translation>
</Transform>
</Instance>
<Instance name="B1999-2" uid="B1999-2" entityUid="B1999*:*100">
<Transform>
<Rotation>0 -0.96592582628906698 -0.25881904510252496 0 0.25881904510252485 -0.96592582628906709 0.99999999999999989 0 0</Rotation>
<Translation>0 0 0.018999999999999906</Translation>
</Transform>
</Instance>
<Instance name="B1998-2" uid="B1998-2" entityUid="B1998*:*Y5">
<Transform>
<Rotation>-1.1102230246251565e-016 0.99999999999999989 0 0 0 1 0.99999999999999978 -1.1102230246251565e-016 0</Rotation>
<Translation>0 0 0</Translation>
</Transform>
</Instance>
</Instance>
<Instance name="B4369-1" uid="B4369-1" entityUid="B4369*:*Default">
<Transform>
<Rotation>-0.84618716189689058 -2.0831484185103004e-016 -0.5328858105081099 -5.4817258480706062e-016 0.99999999999999989 4.7954319082521341e-016 0.53288581050811001 6.9789668380460255e-016 -0.84618716189689047</Rotation>
<Translation>0.00035668624747956347 0.11380876081726572 -0.20561582694076286</Translation>
</Transform>
</Instance>
</InstanceTree>
<Constraints>
<Concentric name="Concentric14">
<ConstraintGeometry geomType="cylinder">
<InstancePath>
<Uid>B2573-1</Uid>
</InstancePath>
<Position>0 0.012499999999999956 0</Position>
<Axis>0 -1 -1.9428902930940239e-016</Axis>
</ConstraintGeometry>
<ConstraintGeometry geomType="cylinder">
<InstancePath>
<Uid>B2574-1</Uid>
</InstancePath>
<Position>0 0 0</Position>
<Axis>0 -1 0</Axis>
</ConstraintGeometry>
</Concentric>
<Coincident name="Coincident35">
<ConstraintGeometry geomType="plane">
