<?xml version="1.0" encoding="UTF-8" standalone="no" ?>
<SimMechanicsImportXML version="1.0" xmlns="urn:mathworks:simmechanics:import" xmlns:xsi="http://www.w3.org/2001/XMLSchema-instance">
<Created by="" on="03/28/16||14:07:19" using="SimMechanics Link Version 4.6" from="SolidWorks 24.1.0"/>
<ModelUnits mass="kilogram" length="millimeter"/>
<DataUnits mass="kilogram" length="meter"/>
<RootAssembly name="Shelled_7DOF" uid="Shelled_7DOF" version="687">
<AssemblyFile name="Shelled_7DOF.SLDASM" type="SolidWorks Assembly"/>
<InstanceTree>
<Instance name="B2126-1" uid="B2126-1" entityUid="B2126*:*Default">
<Transform>
<Rotation>0.85883288930210144 0.46840348431218065 -0.20737464680431181 -0.0091520850748064448 -0.39073112848928188 -0.92045935519623878 -0.51217409890757637 0.79241867791824605 -0.33128587548295974</Rotation>
<Translation>-1.2954872737365012e-015 0.34599999999999964 -1.8308653574410541e-015</Translation>
</Transform>
</Instance>
<Instance name="B2125-1" uid="B2125-1" entityUid="B2125*:*Default">
<Transform>
<Rotation>-0.86085225400627552 0.46840348431217999 0.19882548291535557 0 -0.39073112848928127 0.92050485345243704 0.50885498599533741 0.79241867791824672 0.33636177267041339</Rotation>
<Translation>-1.2353666989702476e-015 0.3459999999999997 -1.8224145289654266e-015</Translation>
</Transform>
</Instance>
<Instance name="B2571-1" uid="B2571-1" entityUid="B2571*:*Default">
<Transform>
<Rotation>-0.85883288930210133 -0.23922605955329976 -0.45296463513568685 0.0091520850748053068 0.8769477467791601 -0.48049858351272756 0.51217409890757692 -0.41681355766044287 -0.75096214988417109</Rotation>
<Translation>0.26987368171160803 0.25815817208767733 0.45410404428734297</Translation>
</Transform>
</Instance>
<Instance name="B2123-1" uid="B2123-1" entityUid="B2123*:*Default">
<Transform>
<Rotation>1 0 0 0 1 0 0 0 1</Rotation>
<Translation>0 0 0</Translation>
</Transform>
</Instance>
<Instance name="B2124-1" uid="B2124-1" entityUid="B2124*:*Default">
<Transform>
<Rotation>0.5088549859953384 0 -0.86085225400627496 -1.2821494835920239e-016 1 0 0.86085225400627496 1.1000345869837289e-016 0.5088549859953384</Rotation>
<Translation>0 0.34599999999999997 0</Translation>
</Transform>
</Instance>
<Instance name="B4368-1" uid="B4368-1" entityUid="B4368*:*Default">
<Transform>
<Rotation>-0.52735912123481476 -0.8460709863708934 -0.077821868853349296 -0.18094146670420116 0.022342752925629004 0.9832400454714183 -0.83015212032336383 0.53260180943467361 -0.16487197975864584</Rotation>
<Translation>0.4224055359749691 0.53364756068136676 0.42960442064041865</Translation>
</Transform>
</Instance>
<Instance name="B4369-1" uid="B4369-1" entityUid="B4369*:*Default">
<Transform>
<Rotation>-0.5088549859953384 -4.6426629618966735e-016 0.86085225400627485 -4.1995767004945995e-016 0.99999999999999989 2.9107055329402446e-016 -0.86085225400627496 -2.1340880452921483e-016 -0.50885498599533829</Rotation>
<Translation>0.20552430649441347 0.11380876081726544 0.0061445059689771847</Translation>
</Transform>
</Instance>
<Instance name="B2573-1" uid="B2573-1" entityUid="B2573*:*Default">
<Transform>
<Rotation>-0.84607098637089351 -0.077821868853349768 -0.5273591212348141 0.022342752925628317 0.9832400454714183 -0.18094146670420114 0.53260180943467306 -0.16487197975864554 -0.83015212032336394</Rotation>
<Translation>0.21724381808647614 0.50380230184244179 0.34845670000147211</Translation>
</Transform>
</Instance>
<Instance name="B1107-1" uid="B1107-1" entityUid="B1107*:*Default">
<Transform>
<Rotation>-0.86085225400627496 -0.1988254829153559 0.4684034843121806 -3.8528348969628592e-016 -0.92050485345243682 -0.39073112848928182 0.50885498599533807 -0.33636177267041395 0.79241867791824594</Rotation>
<Translation>0.24581844877952075 0.53894571039493311 0.087387739805885489</Translation>
</Transform>
</Instance>
<Instance name="B4367-1" uid="B4367-1" entityUid="B4367*:*Default">
<Transform>
<Rotation>0.85883288930210133 -0.23128430135158726 0.45707071684949668 -0.0091520850748056555 0.88520003996175811 0.46512055275002107 -0.51217409890757692 -0.4036439782779 0.75812217432825557</Rotation>
<Translation>0.17172478062920982 0.35348052812721353 0.50905380486684049</Translation>
</Transform>
</Instance>
<Instance name="B1106-1" uid="B1106-1" entityUid="B1106*:*Default">
<Transform>
<Rotation>-0.19882548291535573 0.46840348431218021 -0.86085225400627541 -0.92050485345243704 -0.39073112848928149 0 -0.33636177267041362 0.79241867791824649 0.50885498599533774</Rotation>
<Translation>-0.091805651823520296 0.44612730808075934 -0.03742742550308218</Translation>
</Transform>
<VisualProperties>
<Ambient r="0" g="0" b="0.32156862745098036" a="0.25"/>
<Diffuse r="0" g="0" b="0.32156862745098036" a="0.25"/>
<Specular r="0" g="0" b="0.096470592068690866" a="0.25"/>
<Emissive r="0" g="0" b="0" a="0.25"/>
<Shininess>0.5</Shininess>
</VisualProperties>
</Instance>
<Instance name="B4369-2" uid="B4369-2" entityUid="B4369*:*Default">
<Transform>
<Rotation>0.5088549859953384 -1.9632978914682816e-016 -0.86085225400627485 4.8934660908853125e-016 0.99999999999999989 0 0.86085225400627496 -4.5239263203336586e-016 0.50885498599533829</Rotation>
<Translation>-0.20552430649441344 0.11380876081726536 -0.0061445059689770685</Translation>
</Transform>
</Instance>
<Instance name="B1995-4" uid="B1995-4" entityUid="B1995" rigid="true">
<Transform>
<Rotation>0.20737464680431178 -0.46840348431218087 -0.85883288930210144 0.92045935519623889 0.3907311284892816 0.0091520850748063789 0.33128587548295968 -0.79241867791824627 0.51217409890757648</Rotation>
<Translation>0.26695377547789334 0.17251855031472541 0.45073813725176864</Translation>
</Transform>
<Instance name="B1998-1" uid="B1998-1" entityUid="B1998*:*X3">
<Transform>
<Rotation>0 0 1 1 -3.4972025275692423e-015 0 3.4972025275692423e-015 1 0</Rotation>
<Translation>0 0 0</Translation>
</Transform>
</Instance>
<Instance name="B1999-2" uid="B1999-2" entityUid="B1999*:*100">
<Transform>
<Rotation>0 -0.9659258262890672 -0.25881904510252496 1.1102230246251565e-016 0.25881904510252512 -0.96592582628906731 1 -1.1102230246251565e-016 1.1102230246251565e-016</Rotation>
<Translation>0 0 0.019000000000000045</Translation>
</Transform>
</Instance>
<Instance name="B1998-3" uid="B1998-3" entityUid="B1998*:*Z3">
<Transform>
<Rotation>-3.7747582837255314e-015 -1 0 1 -3.7747582837255314e-015 0 0 0 1</Rotation>
<Translation>0 0 0</Translation>
</Transform>
</Instance>
<Instance name="B1998-2" uid="B1998-2" entityUid="B1998*:*Y3">
<Transform>
<Rotation>0 1 -2.2204460492503131e-016 0 -2.2204460492503131e-016 1.0000000000000002 1 0 0</Rotation>
<Translation>0 0 0</Translation>
</Transform>
</Instance>
</Instance>
<Instance name="B1995-5" uid="B1995-5" entityUid="B1995" rigid="true">
<Transform>
<Rotation>-0.45296463513568719 -0.85883288930210089 -0.23922605955330004 -0.48049858351272795 0.0091520850748053727 0.87694774677915976 -0.75096214988417076 0.51217409890757726 -0.41681355766044292</Rotation>
<Translation>0.28733718405899922 0.19414098657279844 0.48453143399655557</Translation>
</Transform>
<Instance name="B1998-1" uid="B1998-1" entityUid="B1998*:*X4">
<Transform>
<Rotation>2.7755575615628914e-016 1.1102230246251565e-016 1 1 -3.4694469519536142e-015 -1.6653345369377348e-016 3.4972025275692431e-015 0.99999999999999967 0</Rotation>
<Translation>0 0 0</Translation>
</Transform>
</Instance>
<Instance name="B1999-2" uid="B1999-2" entityUid="B1999*:*100">
<Transform>
<Rotation>0 -0.9659258262890672 -0.25881904510252479 1.1102230246251568e-016 0.25881904510252479 -0.9659258262890672 1 0 1.072393092426202e-016</Rotation>
<Translation>0 0 0.018999999999999989</Translation>
</Transform>
</Instance>
<Instance name="B1998-2" uid="B1998-2" entityUid="B1998*:*Y4">
<Transform>
<Rotation>0 1 0 0 0 1 0.99999999999999967 0 0</Rotation>
<Translation>0 0 0</Translation>
</Transform>
</Instance>
<Instance name="B1998-3" uid="B1998-3" entityUid="B1998*:*Z4">
<Transform>
<Rotation>1.0713652187632761e-014 1 -1.1102230246251564e-016 -0.99999999999999989 1.0713652187632762e-014 0 0 1.1102230246251565e-016 0.99999999999999989</Rotation>
<Translation>0 0 0</Translation>
</Transform>
</Instance>
</Instance>
<Instance name="B1995-3" uid="B1995-3" entityUid="B1995" rigid="true">
<Transform>
<Rotation>0.19882548291535629 -0.86085225400627496 0.46840348431218048 0.92050485345243671 0 -0.39073112848928204 0.33636177267041389 0.50885498599533818 0.79241867791824594</Rotation>
<Translation>-1.3377679461874256e-015 0.3459999999999997 -1.9109284831778973e-015</Translation>
</Transform>
<Instance name="B1998-1" uid="B1998-1" entityUid="B1998*:*X2">
<Transform>
<Rotation>2.2204460492503131e-016 0 1 1 -3.6082248300317588e-015 -2.2204460492503111e-016 3.6082248300317588e-015 1 0</Rotation>
<Translation>0 0 0</Translation>
</Transform>
</Instance>
<Instance name="B1998-2" uid="B1998-2" entityUid="B1998*:*Y2">
<Transform>
<Rotation>0 0.99999999999999978 0 0 0 1 0.99999999999999978 0 0</Rotation>
<Translation>0 0 0</Translation>
</Transform>
</Instance>
<Instance name="B1998-3" uid="B1998-3" entityUid="B1998*:*Z2">
<Transform>
<Rotation>-3.4972025275692431e-015 -1 0 1 -3.4972025275692431e-015 -1.1102230246251585e-016 1.1102230246251565e-016 0 1</Rotation>
<Translation>0 0 0</Translation>
</Transform>
</Instance>
<Instance name="B1999-2" uid="B1999-2" entityUid="B1999*:*100">
<Transform>
<Rotation>0 -0.9659258262890672 -0.25881904510252485 1.1102230246251565e-016 0.25881904510252485 -0.96592582628906709 0.99999999999999978 0 0</Rotation>
<Translation>0 0 0.019000000000000031</Translation>
</Transform>
</Instance>
</Instance>
<Instance name="B1995-7" uid="B1995-7" entityUid="B1995" rigid="true">
<Transform>
<Rotation>0.52735912123481465 0.8460709863708934 -0.077821868853349269 0.18094146670420094 -0.022342752925628911 0.9832400454714183 0.83015212032336372 -0.53260180943467339 -0.16487197975864573</Rotation>
<Translation>0.2209753766979943 0.45665594166208612 0.35636231143089936</Translation>
</Transform>
<Instance name="B1998-3" uid="B1998-3" entityUid="B1998*:*Z6">
<Transform>
<Rotation>1.0602629885170245e-014 1 0 -1.0000000000000002 1.0769163338864018e-014 0 0 0 0.99999999999999989</Rotation>
<Translation>0 0 0</Translation>
</Transform>
</Instance>
<Instance name="B1998-2" uid="B1998-2" entityUid="B1998*:*Y6">
<Transform>
<Rotation>0 1 -1.1102230246251564e-016 0 1.1102230246251565e-016 0.99999999999999989 0.99999999999999989 0 0</Rotation>
<Translation>0 0 0</Translation>
</Transform>
</Instance>
<Instance name="B1998-1" uid="B1998-1" entityUid="B1998*:*X6">
<Transform>
<Rotation>2.7755575615628904e-016 0 0.99999999999999989 1 -3.5110803153770556e-015 -2.7755575615628909e-016 3.511080315377056e-015 0.99999999999999989 0</Rotation>
<Translation>0 0 0</Translation>
</Transform>
</Instance>
<Instance name="B1999-2" uid="B1999-2" entityUid="B1999*:*100">
<Transform>
<Rotation>0 -0.9659258262890672 -0.25881904510252485 0 0.25881904510252479 -0.96592582628906754 1 0 0</Rotation>
<Translation>0 0 0.019000000000000017</Translation>
</Transform>
</Instance>
</Instance>
<Instance name="B2574-1" uid="B2574-1" entityUid="B2574*:*Default">
<Transform>
<Rotation>-0.88691123005854555 -0.077821868853349171 -0.45533748662306478 0.0072520137273984261 0.98324004547141841 -0.18217140631356146 0.46188297034306774 -0.16487197975864548 -0.87148227291065972</Rotation>
<Translation>0.21677688687335603 0.50970174211527031 0.34746746812292029</Translation>
</Transform>
</Instance>
<Instance name="B3308-1" uid="B3308-1" entityUid="B3308*:*Default">
<Transform>
<Rotation>-0.84607098637089684 -0.2392260595532999 -0.47637671904909307 0.022342752925624106 0.8769477467791601 -0.48006609004454637 0.53260180943466773 -0.41681355766044248 -0.73661507637120949</Rotation>
<Translation>0.21568658696219031 0.45679560621062443 0.35969160534167621</Translation>
</Transform>
</Instance>
<Instance name="B1995-1" uid="B1995-1" entityUid="B1995" rigid="true">
<Transform>
<Rotation>-0.50885498599533829 0 -0.86085225400627496 -1.1671036693784698e-016 -1 0 -0.86085225400627496 1.1484498270656981e-016 0.50885498599533829</Rotation>
<Translation>-5.0712158175877452e-016 0.34599999999999964 -8.8702804764199713e-016</Translation>
</Transform>
<Instance name="B1998-1" uid="B1998-1" entityUid="B1998*:*X1">
<Transform>
<Rotation>1.8941416406567876e-016 0 1 1 -3.4914813388431334e-015 -2.4492531529704944e-016 3.4914813388431341e-015 1 0</Rotation>
<Translation>0 0 0</Translation>
</Transform>
</Instance>
<Instance name="B1998-3" uid="B1998-3" entityUid="B1998*:*Z1">
<Transform>
<Rotation>1.0719373376358872e-014 1 0 -1 1.0719373376358869e-014 0 0 0 1</Rotation>
<Translation>0 0 0</Translation>
</Transform>
</Instance>
<Instance name="B1998-2" uid="B1998-2" entityUid="B1998*:*Y1">
<Transform>
<Rotation>0 1 0 0 0 1 1 0 0</Rotation>
<Translation>0 0 0</Translation>
</Transform>
</Instance>
<Instance name="B1999-2" uid="B1999-2" grounded="true" entityUid="B1999*:*100">
<Transform>
<Rotation>0 -0.9659258262890672 -0.25881904510252485 0 0.25881904510252485 -0.96592582628906709 0.99999999999999989 0 0</Rotation>
<Translation>0 0 0.019000000000000003</Translation>
</Transform>
</Instance>
</Instance>
<Instance name="B1995-6" uid="B1995-6" entityUid="B1995" rigid="true">
<Transform>
<Rotation>0.47637671904909951 -0.23922605955330015 -0.84607098637089329 0.48006609004454703 0.87694774677915976 0.022342752925627995 0.73661507637120516 -0.41681355766044337 0.5326018094346735</Rotation>
<Translation>0.21568658696219431 0.45679560621062443 0.35969160534167377</Translation>
</Transform>
<Instance name="B1998-2" uid="B1998-2" entityUid="B1998*:*Y5">
<Transform>
<Rotation>1.6653345369377348e-016 1 0 0 0 1 1 -1.6653345369377358e-016 0</Rotation>
<Translation>0 0 0</Translation>
</Transform>
</Instance>
<Instance name="B1998-3" uid="B1998-3" entityUid="B1998*:*Z5">
<Transform>
<Rotation>1.0769163338864015e-014 1 -1.6653345369377429e-016 -1 1.0769163338864018e-014 0 0 1.6653345369377341e-016 1</Rotation>
<Translation>0 0 0</Translation>
</Transform>
</Instance>
<Instance name="B1999-2" uid="B1999-2" entityUid="B1999*:*100">
<Transform>
<Rotation>1.6653345369377348e-016 -0.96592582628906731 -0.25881904510252496 0 0.25881904510252496 -0.96592582628906731 1 -1.6653345369377348e-016 0</Rotation>
<Translation>0 0 0.019000000000000017</Translation>
</Transform>
</Instance>
<Instance name="B1998-1" uid="B1998-1" entityUid="B1998*:*X5">
<Transform>
<Rotation>1.6653345369377348e-016 1.6653345369377348e-016 1 1 -3.4416913763379853e-015 -2.2204460492503131e-016 3.3861802251067274e-015 1 -1.1102230246251565e-016</Rotation>
<Translation>0 0 0</Translation>
</Transform>
</Instance>
</Instance>
<Instance name="B2127-1" uid="B2127-1" entityUid="B2127*:*Default">
<Transform>
<Rotation>-0.85883288930210111 0.45296463513568708 -0.23922605955329926 0.0091520850748062123 0.48049858351272812 0.87694774677915965 0.51217409890757681 0.75096214988417065 -0.41681355766044359</Rotation>
<Translation>0.26695377547789345 0.17251855031472554 0.45073813725176876</Translation>
</Transform>
</Instance>
<Instance name="B1995-2" uid="B1995-2" entityUid="B1995" rigid="true">
<Transform>
<Rotation>-1.6653345369377348e-016 -1.0000000000000002 0 0 0 1 -1.0000000000000002 1.6653345369377348e-016 0</Rotation>
<Translation>0 0.34599999999999959 0</Translation>
</Transform>
<Instance name="B1998-1" uid="B1998-1" entityUid="B1998*:*X0">
<Transform>
<Rotation>1.8941416406567908e-016 0 1 1 -3.5020921389374167e-015 -1.8941416406567878e-016 3.5020921389374167e-015 1 0</Rotation>
<Translation>0 0 0</Translation>
</Transform>
</Instance>
<Instance name="B1999-2" uid="B1999-2" grounded="true" entityUid="B1999*:*100">
<Transform>
<Rotation>0 -0.96592582628906742 -0.2588190451025249 0 0.25881904510252496 -0.96592582628906731 0.99999999999999989 0 0</Rotation>
<Translation>0 0 0.019000000000000017</Translation>
</Transform>
</Instance>
<Instance name="B1998-3" uid="B1998-3" entityUid="B1998*:*Z0">
<Transform>
<Rotation>1.0719373376358872e-014 1 0 -1 1.0719373376358872e-014 0 0 0 1</Rotation>
<Translation>0 0 0</Translation>
</Transform>
</Instance>
<Instance name="B1998-2" uid="B1998-2" entityUid="B1998*:*Y0">
<Transform>
<Rotation>0 1 0 0 0 1 1 0 0</Rotation>
<Translation>0 0 0</Translation>
</Transform>
</Instance>
</Instance>
<Instance name="B1995-9" uid="B1995-9" entityUid="B1995" rigid="true">
<Transform>
<Rotation>2.2204460492503131e-016 1 1.4839881052929285e-016 0 0 0.99999999999999989 1.0000000000000002 -2.4980018054066022e-016 0</Rotation>
<Translation>-0.14000000000000001 0 -0.21999999999999997</Translation>
</Transform>
<Instance name="B1998-1" uid="B1998-1" entityUid="B1998*:*XB">
<Transform>
<Rotation>2.2204460492503131e-016 0 1.0000000000000002 1 0 -2.4980018054066022e-016 1.4839881052929285e-016 0.99999999999999989 0</Rotation>
<Translation>0 0 0</Translation>
</Transform>
</Instance>
<Instance name="B1998-2" uid="B1998-2" entityUid="B1998*:*YB">
<Transform>
<Rotation>0 1 0 0 0 1 1 0 0</Rotation>
<Translation>0 0 0</Translation>
</Transform>
</Instance>
</Instance>
<Instance name="B1995-10" uid="B1995-10" entityUid="B1995" rigid="true">
<Transform>
<Rotation>0.88691123005854577 -0.45533748662306472 -0.077821868853349144 -0.0072520137273985388 -0.1821714063135616 0.9832400454714183 -0.46188297034306769 -0.87148227291065972 -0.16487197975864565</Rotation>
<Translation>0.21630606456679324 0.51565034439037238 0.34646999264538048</Translation>
</Transform>
<Instance name="B1999-2" uid="B1999-2" entityUid="B1999*:*100">
<Transform>
<Rotation>0 -0.96592582628906731 -0.25881904510252496 0 0.2588190451025249 -0.9659258262890672 1 0 0</Rotation>
<Translation>0 0 0.019000000000000017</Translation>
</Transform>
</Instance>
<Instance name="B1998-3" uid="B1998-3" entityUid="B1998*:*Z7">
<Transform>
<Rotation>1.0769163338864018e-014 1 0 -0.99999999999999989 1.076916333886402e-014 0 0 0 0.99999999999999989</Rotation>
<Translation>0 0 0</Translation>
</Transform>
</Instance>
<Instance name="B1998-2" uid="B1998-2" entityUid="B1998*:*Y7">
<Transform>
<Rotation>0 1.0000000000000002 0 0 0 0.99999999999999989 0.99999999999999989 0 0</Rotation>
<Translation>0 0 0</Translation>
</Transform>
</Instance>
<Instance name="B1998-1" uid="B1998-1" entityUid="B1998*:*X7">
<Transform>
<Rotation>1.1102230246251565e-016 0 1 1 -3.5527136788005009e-015 -1.1102230246251551e-016 3.5527136788005009e-015 1 0</Rotation>
<Translation>0 0 0</Translation>
</Transform>
</Instance>
</Instance>
</InstanceTree>
<Constraints>
<Concentric name="Concentric14">
<ConstraintGeometry geomType="cylinder">
<InstancePath>
<Uid>B2573-1</Uid>
</InstancePath>
<Position>0 0.0124999999999999 0</Position>
<Axis>0 -1 -1.1102230246251565e-016</Axis>
</ConstraintGeometry>
<ConstraintGeometry geomType="cylinder">
<InstancePath>
<Uid>B2574-1</Uid>
</InstancePath>
<Position>0 0 0</Position>
<Axis>0 -1 0</Axis>
</ConstraintGeometry>
</Concentric>
<Coincident name="Coincident35">
<ConstraintGeometry geomType="plane">
<InstancePath>
<Uid>B2573-1</Uid>
</InstancePath>
<Position>0 0.0060000000000000053 0</Position>
<Axis>0 1 1.1102230246251565e-016</Axis>
</ConstraintGeometry>
<ConstraintGeometry geomType="plane">
<InstancePath>
<Uid>B2574-1</Uid>
</InstancePath>
<Position>0 0 -0.019050000000000067</Position>
<Axis>0 -1 0</Axis>
</ConstraintGeometry>
</Coincident>
<Concentric name="Concentric13">
<ConstraintGeometry geomType="cylinder">
<InstancePath>
<Uid>B3308-1</Uid>
</InstancePath>
<Position>-0.028292770512944571 0 2.2204460492503131e-016</Position>
<Axis>-1 -3.6082248300317588e-016 7.049916206369744e-015</Axis>
</ConstraintGeometry>
<ConstraintGeometry geomType="cylinder">
<InstancePath>
<Uid>B2573-1</Uid>
</InstancePath>
<Position>0.01397000000000001 -0.047950000000000825 0</Position>
<Axis>1.0000000000000002 -2.3592239273284576e-016 -1.1102230246251565e-016</Axis>
</ConstraintGeometry>
</Concentric>
<Coincident name="Coincident1">
<ConstraintGeometry geomType="plane">
<InstancePath>
<Uid>B2127-1</Uid>
</InstancePath>
<Position>-0.042496000000000145 0.044999999999999374 0.072999999999999912</Position>
<Axis>4.7184478546569153e-016 0 1</Axis>
</ConstraintGeometry>
<ConstraintGeometry geomType="plane">
<InstancePath>
<Uid>B2571-1</Uid>
</InstancePath>
<Position>0 0 0</Position>
<Axis>0 -1.0000000000000002 -1.6653345369377348e-016</Axis>
</ConstraintGeometry>
</Coincident>
<Concentric name="Concentric1">
<ConstraintGeometry geomType="cylinder">
<InstancePath>
<Uid>B2127-1</Uid>
</InstancePath>
<Position>0 0.044999999999999152 0.097799090652965617</Position>
<Axis>4.7184478546569153e-016 0 1</Axis>
</ConstraintGeometry>
<ConstraintGeometry geomType="cylinder">
<InstancePath>
<Uid>B2571-1</Uid>
</InstancePath>
<Position>0 0.19930000000000003 0</Position>
<Axis>0 1.0000000000000002 1.6653345369377348e-016</Axis>
</ConstraintGeometry>
</Concentric>
<Concentric name="Concentric15">
<ConstraintGeometry geomType="cylinder">
<InstancePath>
<Uid>B2571-1</Uid>
</InstancePath>
<Position>0 0.19930000000000003 0</Position>
<Axis>0 1.0000000000000002 1.6653345369377348e-016</Axis>
</ConstraintGeometry>
<ConstraintGeometry geomType="cylinder">
<InstancePath>
<Uid>B3308-1</Uid>
</InstancePath>
<Position>0 -0.021300000000000041 1.1102230246251565e-016</Position>
<Axis>0 1 0</Axis>
</ConstraintGeometry>
</Concentric>
<Concentric name="Concentric9">
<ConstraintGeometry geomType="cylinder">
<InstancePath>
<Uid>B2124-1</Uid>
</InstancePath>
<Position>0 0 0.10240000000000014</Position>
<Axis>0 0 -1.0000000000000002</Axis>
</ConstraintGeometry>
<ConstraintGeometry geomType="cylinder">
<InstancePath>
<Uid>B2125-1</Uid>
</InstancePath>
<Position>0.060000000000000005 0 0</Position>
<Axis>-1.0000000000000002 0 0</Axis>
</ConstraintGeometry>
</Concentric>
<Coincident name="Coincident47">
<ConstraintGeometry geomType="plane">
<InstancePath>
<Uid>B2126-1</Uid>
</InstancePath>
<Position>0 0 0</Position>
<Axis>1 0 0</Axis>
</ConstraintGeometry>
<ConstraintGeometry geomType="plane">
<InstancePath>
<Uid>B2127-1</Uid>
</InstancePath>
<Position>0 0 0</Position>
<Axis>1 0 0</Axis>
</ConstraintGeometry>
</Coincident>
<Concentric name="Concentric12">
<ConstraintGeometry geomType="cylinder">
<InstancePath>
<Uid>B2126-1</Uid>
</InstancePath>
<Position>0.038000000000000089 0.55000000000000004 -0.044999999999999929</Position>
<Axis>1 2.7755575615628914e-016 0</Axis>
</ConstraintGeometry>
<ConstraintGeometry geomType="cylinder">
<InstancePath>
<Uid>B2127-1</Uid>
</InstancePath>
<Position>0.031496000000000052 -2.2204460492503131e-016 0</Position>
<Axis>-1 3.8857805861880479e-016 -3.3306690738754696e-016</Axis>
</ConstraintGeometry>
</Concentric>
<Coincident name="Coincident44">
<ConstraintGeometry geomType="plane">
<InstancePath>
<Uid>B2125-1</Uid>
</InstancePath>
<Position>0 0 0</Position>
<Axis>0 1 0</Axis>
</ConstraintGeometry>
<ConstraintGeometry geomType="plane">
<InstancePath>
<Uid>B2126-1</Uid>
</InstancePath>
<Position>0 0 0</Position>
<Axis>0 1.0000000000000002 0</Axis>
</ConstraintGeometry>
</Coincident>
<Concentric name="Concentric11">
<ConstraintGeometry geomType="cylinder">
<InstancePath>
<Uid>B2125-1</Uid>
</InstancePath>
<Position>0 0 0</Position>
<Axis>0 -1 0</Axis>
</ConstraintGeometry>
<ConstraintGeometry geomType="cylinder">
<InstancePath>
<Uid>B2126-1</Uid>
</InstancePath>
<Position>0 0 0</Position>
<Axis>0 -1.0000000000000002 0</Axis>
</ConstraintGeometry>
</Concentric>
<Coincident name="Coincident53">
<ConstraintGeometry geomType="plane">
<InstancePath>
<Uid>B2124-1</Uid>
</InstancePath>
<Position>0 0 0.060000000000000067</Position>
<Axis>0 0 -1.0000000000000002</Axis>
</ConstraintGeometry>
<ConstraintGeometry geomType="plane">
<InstancePath>
<Uid>B2125-1</Uid>
</InstancePath>
<Position>0.060000000000000005 0 0</Position>
<Axis>1.0000000000000002 0 0</Axis>
</ConstraintGeometry>
</Coincident>
<Parallel name="Parallel7">
<ConstraintGeometry geomType="plane">
<InstancePath>
<Uid>B2127-1</Uid>
</InstancePath>
<Position>0.031496000000000052 -2.2204460492503131e-016 0</Position>
<Axis>1 -3.8857805861880479e-016 3.3306690738754696e-016</Axis>
</ConstraintGeometry>
<ConstraintGeometry geomType="plane">
<InstancePath>
<Uid>B2571-1</Uid>
</InstancePath>
<Position>-0.048030000000000017 0.17557000000000006 0.0050000000000001155</Position>
<Axis>-1.0000000000000002 0 -1.1102230246251565e-016</Axis>
</ConstraintGeometry>
</Parallel>
<Coincident name="Coincident55">
<ConstraintGeometry geomType="plane">
<InstancePath>
<Uid>B3308-1</Uid>
</InstancePath>
<Position>0 -0.027210000000000012 -0.0082550000000000123</Position>
<Axis>0 -1 0</Axis>
</ConstraintGeometry>
<ConstraintGeometry geomType="plane">
<InstancePath>
<Uid>B2571-1</Uid>
</InstancePath>
<Position>0 0.1993 0.042499999999999982</Position>
<Axis>0 1.0000000000000002 1.6653345369377348e-016</Axis>
</ConstraintGeometry>
</Coincident>
<Coincident name="Coincident56">
<ConstraintGeometry geomType="plane">
<InstancePath>
<Uid>B2573-1</Uid>
</InstancePath>
<Position>-0.013749000000000011 -0.047950000000000825 0</Position>
<Axis>1 -6.8001160258290838e-016 1.1102230246251565e-016</Axis>
</ConstraintGeometry>
<ConstraintGeometry geomType="plane">
<InstancePath>
<Uid>B3308-1</Uid>
</InstancePath>
<Position>-0.020000000000000018 0 2.2204460492503131e-016</Position>
<Axis>-1 -3.6082248300317588e-016 7.049916206369744e-015</Axis>
</ConstraintGeometry>
</Coincident>
<Coincident name="Coincident81">
<ConstraintGeometry geomType="plane">
<InstancePath>
<Uid>B2124-1</Uid>
</InstancePath>
<Position>0 0 -0.17379940000000013</Position>
<Axis>0 0 -1.0000000000000002</Axis>
</ConstraintGeometry>
<ConstraintGeometry geomType="plane">
<InstancePath>
<Uid>B4369-1</Uid>
</InstancePath>
<Position>0.10987157991606537 0.0023576210460298647 0</Position>
<Axis>0 0 -1</Axis>
</ConstraintGeometry>
</Coincident>
<Concentric name="Concentric24">
<ConstraintGeometry geomType="cylinder">
<InstancePath>
<Uid>B2125-1</Uid>
</InstancePath>
<Position>0 0 0</Position>
<Axis>0 -1 0</Axis>
</ConstraintGeometry>
<ConstraintGeometry geomType="cylinder">
<InstancePath>
<Uid>B1106-1</Uid>
</InstancePath>
<Position>0.061325214804590578 0.20303766616416397 -0.059985970222580141</Position>
<Axis>0 1.0000000000000002 0</Axis>
</ConstraintGeometry>
</Concentric>
<Parallel name="Parallel12">
<ConstraintGeometry geomType="plane">
<InstancePath>
<Uid>B2125-1</Uid>
</InstancePath>
<Position>0 0 0</Position>
<Axis>0 0 1.0000000000000002</Axis>
</ConstraintGeometry>
<ConstraintGeometry geomType="plane">
<InstancePath>
<Uid>B1106-1</Uid>
</InstancePath>
<Position>0 0 0</Position>
<Axis>1 0 0</Axis>
</ConstraintGeometry>
</Parallel>
<Distance name="Distance1">
<ConstraintGeometry geomType="plane">
<InstancePath>
<Uid>B1106-1</Uid>
</InstancePath>
<Position>0 0 0</Position>
<Axis>0 1.0000000000000002 0</Axis>
</ConstraintGeometry>
<ConstraintGeometry geomType="plane">
<InstancePath>
<Uid>B2125-1</Uid>
</InstancePath>
<Position>0 0.10900000000000001 0.056999999999999995</Position>
<Axis>0 1 0</Axis>
</ConstraintGeometry>
</Distance>
<Coincident name="Coincident89">
<ConstraintGeometry geomType="plane">
<InstancePath>
<Uid>B2125-1</Uid>
</InstancePath>
<Position>0 0.10900000000000001 0.056999999999999995</Position>
<Axis>0 1 0</Axis>
</ConstraintGeometry>
<ConstraintGeometry geomType="plane">
<InstancePath>
<Uid>B1107-1</Uid>
</InstancePath>
<Position>0.1368726882968416 0.20876663332880024 0</Position>
<Axis>0 0 -0.99999999999999989</Axis>
</ConstraintGeometry>
</Coincident>
<Concentric name="Concentric25">
<ConstraintGeometry geomType="cylinder">
<InstancePath>
<Uid>B2126-1</Uid>
</InstancePath>
<Position>0 0 0</Position>
<Axis>0 -1.0000000000000002 0</Axis>
</ConstraintGeometry>
<ConstraintGeometry geomType="circle">
<InstancePath>
<Uid>B1107-1</Uid>
</InstancePath>
<Position>0.16714567859308849 0.25587632973022501 1.0049249999977139e-005</Position>
<Axis>0 0 -0.99999999999999989</Axis>
</ConstraintGeometry>
</Concentric>
<Coincident name="Coincident90">
<ConstraintGeometry geomType="plane">
<InstancePath>
<Uid>B2573-1</Uid>
</InstancePath>
<Position>-0.019549499999999997 0 0</Position>
<Axis>0 1 1.1102230246251565e-016</Axis>
</ConstraintGeometry>
<ConstraintGeometry geomType="plane">
<InstancePath>
<Uid>B4368-1</Uid>
</InstancePath>
<Position>0.18156505844983795 0.12298610367590918 0</Position>
<Axis>0 0 -1</Axis>
</ConstraintGeometry>
</Coincident>
<Concentric name="Concentric28">
<ConstraintGeometry geomType="cylinder">
<InstancePath>
<Uid>B2574-1</Uid>
</InstancePath>
<Position>0 0 0</Position>
<Axis>0 -1 0</Axis>
</ConstraintGeometry>
<ConstraintGeometry geomType="cylinder">
<InstancePath>
<Uid>B4368-1</Uid>
</InstancePath>
<Position>0.18095910051301167 0.12969512893142235 0.010641596773977358</Position>
<Axis>0 0 -1</Axis>
</ConstraintGeometry>
</Concentric>
<Concentric name="Concentric29">
<ConstraintGeometry geomType="cylinder">
<InstancePath>
<Uid>B2571-1</Uid>
</InstancePath>
<Position>0 0.19930000000000003 0</Position>
<Axis>0 1.0000000000000002 1.6653345369377348e-016</Axis>
</ConstraintGeometry>
<ConstraintGeometry geomType="cone">
<InstancePath>
<Uid>B4367-1</Uid>
</InstancePath>
<Position>0.11330974672041816 0.10565915976434589 -0.044460244337330757</Position>
<Axis>0 -0.99984769515639049 0.017452406437329537</Axis>
</ConstraintGeometry>
</Concentric>
<Parallel name="Parallel13">
<ConstraintGeometry geomType="plane">
<InstancePath>
<Uid>B2125-1</Uid>
</InstancePath>
<Position>0 0 0</Position>
<Axis>1.0000000000000002 0 0</Axis>
</ConstraintGeometry>
<ConstraintGeometry geomType="plane">
<InstancePath>
<Uid>B1107-1</Uid>
</InstancePath>
<Position>0 0 0</Position>
<Axis>1 0 0</Axis>
</ConstraintGeometry>
</Parallel>
<Parallel name="Parallel14">
<ConstraintGeometry geomType="plane">
<InstancePath>
<Uid>B2571-1</Uid>
</InstancePath>
<Position>0 0 0</Position>
<Axis>1.0000000000000002 0 1.1102230246251565e-016</Axis>
</ConstraintGeometry>
<ConstraintGeometry geomType="plane">
<InstancePath>
<Uid>B4367-1</Uid>
</InstancePath>
<Position>0 0 0</Position>
<Axis>1.0000000000000002 0 -2.2204460492503131e-016</Axis>
</ConstraintGeometry>
</Parallel>
<Distance name="Distance2">
<ConstraintGeometry geomType="plane">
<InstancePath>
<Uid>B2571-1</Uid>
</InstancePath>
<Position>0 0.20580000000000007 0.044499999999999984</Position>
<Axis>0 1.0000000000000002 1.6653345369377348e-016</Axis>
</ConstraintGeometry>
<ConstraintGeometry geomType="point">
<InstancePath>
<Uid>B4367-1</Uid>
</InstancePath>
<Position>0.11363290678985832 0.11544726125061675 8.8795466128832601e-006</Position>
</ConstraintGeometry>
</Distance>
<Coincident name="Coincident95">
<ConstraintGeometry geomType="plane">
<InstancePath>
<Uid>B2124-1</Uid>
</InstancePath>
<Position>0 0 0.17379940000000016</Position>
<Axis>0 0 1.0000000000000002</Axis>
</ConstraintGeometry>
<ConstraintGeometry geomType="plane">
<InstancePath>
<Uid>B4369-2</Uid>
</InstancePath>
<Position>0.10987157991606539 0.0023576210460298647 0</Position>
<Axis>0 0 -1</Axis>
</ConstraintGeometry>
</Coincident>
<Concentric name="Concentric31">
<ConstraintGeometry geomType="circle">
<InstancePath>
<Uid>B2124-1</Uid>
</InstancePath>
<Position>0 0 0.17379940000000016</Position>
<Axis>0 0 1.0000000000000002</Axis>
</ConstraintGeometry>
<ConstraintGeometry geomType="circle">
<InstancePath>
<Uid>B4369-2</Uid>
</InstancePath>
<Position>0.10987157991606539 0.23219123918273454 1.0049250000004895e-005</Position>
<Axis>0 0 -1</Axis>
</ConstraintGeometry>
</Concentric>
<Parallel name="Parallel16">
<ConstraintGeometry geomType="line">
<InstancePath>
<Uid>B2124-1</Uid>
</InstancePath>
<Position>0.036790464937241744 -0.16335635293338699 0.17379940000000016</Position>
<Axis>-6.37155560157806e-016 1 0</Axis>
</ConstraintGeometry>
<ConstraintGeometry geomType="line">
<InstancePath>
<Uid>B4369-2</Uid>
</InstancePath>
<Position>0.14753998361136542 0.23219123918273449 1.0049250000004895e-005</Position>
<Axis>0 -0.99999999999999989 0</Axis>
</ConstraintGeometry>
</Parallel>
<Parallel name="Parallel17">
<ConstraintGeometry geomType="plane">
<InstancePath>
<Uid>B4368-1</Uid>
</InstancePath>
<Position>0 0 0</Position>
<Axis>0.99999999999999989 0 0</Axis>
</ConstraintGeometry>
<ConstraintGeometry geomType="plane">
<InstancePath>
<Uid>B2573-1</Uid>
</InstancePath>
<Position>0 0 0</Position>
<Axis>0 0 1</Axis>
</ConstraintGeometry>
</Parallel>
<Concentric name="Concentric33">
<ConstraintGeometry geomType="circle">
<InstancePath>
<Uid>B2124-1</Uid>
</InstancePath>
<Position>0 0 -0.17378798409427515</Position>
<Axis>0 0 1.0000000000000002</Axis>
</ConstraintGeometry>
<ConstraintGeometry geomType="circle">
<InstancePath>
<Uid>B4369-1</Uid>
</InstancePath>
<Position>0.1098715799160654 0.23219123918273454 1.0049250000004895e-005</Position>
<Axis>0 0 -1</Axis>
</ConstraintGeometry>
</Concentric>
<Parallel name="Parallel23">
<ConstraintGeometry geomType="line">
<InstancePath>
<Uid>B2124-1</Uid>
</InstancePath>
<Position>0.037051932165484663 -0.16335635293338699 -0.17378798409427515</Position>
<Axis>-5.5220148547009849e-016 1 0</Axis>
</ConstraintGeometry>
<ConstraintGeometry geomType="line">
<InstancePath>
<Uid>B4369-1</Uid>
</InstancePath>
<Position>0.072203176220765386 0.068831821673165358 1.0049250000004895e-005</Position>
<Axis>0 0.99999999999999989 0</Axis>
</ConstraintGeometry>
</Parallel>
<Angle name="J1 Limit">
<ConstraintGeometry geomType="plane">
<InstancePath>
<Uid>B2123-1</Uid>
</InstancePath>
<Position>0 0 0</Position>
<Axis>1 0 0</Axis>
</ConstraintGeometry>
<ConstraintGeometry geomType="plane">
<InstancePath>
<Uid>B2124-1</Uid>
</InstancePath>
<Position>0 0 0</Position>
<Axis>0 0 1.0000000000000002</Axis>
</ConstraintGeometry>
</Angle>
<Angle name="J2 Limit">
<ConstraintGeometry geomType="plane">
<InstancePath>
<Uid>B2124-1</Uid>
</InstancePath>
<Position>0 0 0</Position>
<Axis>1.0000000000000002 0 0</Axis>
</ConstraintGeometry>
<ConstraintGeometry geomType="plane">
<InstancePath>
<Uid>B2125-1</Uid>
</InstancePath>
<Position>0 0 0</Position>
<Axis>0 0 1.0000000000000002</Axis>
</ConstraintGeometry>
</Angle>
<Angle name="J3 Limit">
<ConstraintGeometry geomType="plane">
<InstancePath>
<Uid>B2126-1</Uid>
</InstancePath>
<Position>0 0 0</Position>
<Axis>1 0 0</Axis>
</ConstraintGeometry>
<ConstraintGeometry geomType="plane">
<InstancePath>
<Uid>B2125-1</Uid>
</InstancePath>
<Position>0 0 0</Position>
<Axis>1.0000000000000002 0 0</Axis>
</ConstraintGeometry>
</Angle>
<Angle name="J4 Limit">
<ConstraintGeometry geomType="plane">
<InstancePath>
<Uid>B2127-1</Uid>
</InstancePath>
<Position>0 0 0</Position>
<Axis>0 1 0</Axis>
</ConstraintGeometry>
<ConstraintGeometry geomType="plane">
<InstancePath>
<Uid>B2126-1</Uid>
</InstancePath>
<Position>0 0 0</Position>
<Axis>0 0 1</Axis>
</ConstraintGeometry>
</Angle>
<Angle name="J5 Limit">
<ConstraintGeometry geomType="plane">
<InstancePath>
<Uid>B3308-1</Uid>
</InstancePath>
<Position>0 0 0</Position>
<Axis>1 0 0</Axis>
</ConstraintGeometry>
<ConstraintGeometry geomType="plane">
<InstancePath>
<Uid>B2571-1</Uid>
</InstancePath>
<Position>0 0 0</Position>
<Axis>1.0000000000000002 0 1.1102230246251565e-016</Axis>
</ConstraintGeometry>
</Angle>
<Angle name="J6 Limit">
<ConstraintGeometry geomType="plane">
<InstancePath>
<Uid>B3308-1</Uid>
</InstancePath>
<Position>0 0 0</Position>
<Axis>0 0 1</Axis>
</ConstraintGeometry>
<ConstraintGeometry geomType="plane">
<InstancePath>
<Uid>B2573-1</Uid>
</InstancePath>
<Position>0 0 0</Position>
<Axis>0 0 1</Axis>
</ConstraintGeometry>
</Angle>
<Angle name="J7 Limit">
<ConstraintGeometry geomType="plane">
<InstancePath>
<Uid>B2574-1</Uid>
</InstancePath>
<Position>0 0 0</Position>
<Axis>0 0 1</Axis>
</ConstraintGeometry>
<ConstraintGeometry geomType="plane">
<InstancePath>
<Uid>B2573-1</Uid>
</InstancePath>
<Position>0 0 0</Position>
<Axis>1.0000000000000002 0 0</Axis>
</ConstraintGeometry>
</Angle>
<Coincident name="Coincident130">
<ConstraintGeometry geomType="plane">
<InstancePath>
<Uid>B2123-1</Uid>
</InstancePath>
<Position>0 0.16 0</Position>
<Axis>0 1 0</Axis>
</ConstraintGeometry>
<ConstraintGeometry geomType="plane">
<InstancePath>
<Uid>B2124-1</Uid>
</InstancePath>
<Position>0 -0.186 0</Position>
<Axis>1.5508646004338801e-016 -1 0</Axis>
</ConstraintGeometry>
</Coincident>
<Concentric name="Concentric35">
<ConstraintGeometry geomType="cylinder">
<InstancePath>
<Uid>B2123-1</Uid>
</InstancePath>
<Position>0 -0.0046909090909091093 0</Position>
<Axis>0 1 0</Axis>
</ConstraintGeometry>
<ConstraintGeometry geomType="cylinder">
<InstancePath>
<Uid>B2124-1</Uid>
</InstancePath>
<Position>0 -0.186 0</Position>
<Axis>-1.5508646004338801e-016 1 0</Axis>
</ConstraintGeometry>
</Concentric>
<UnknownConstraint name="Coincident133">
<ConstraintGeometry geomType="point">
<InstancePath>
<Uid>B2123-1</Uid>
</InstancePath>
<Position>0 0 0</Position>
</ConstraintGeometry>
<ConstraintGeometry geomType="point">
<InstancePath>
<Uid>Shelled_7DOF</Uid>
</InstancePath>
<Position>0 0 0</Position>
</ConstraintGeometry>
</UnknownConstraint>
<Concentric name="Concentric36">
<ConstraintGeometry geomType="cylinder">
<InstancePath>
<Uid>B2125-1</Uid>
</InstancePath>
<Position>0.060000000000000005 0 0</Position>
<Axis>-1.0000000000000002 0 0</Axis>
</ConstraintGeometry>
<ConstraintGeometry geomType="line">
<InstancePath>
<Uid>B1995-1</Uid>
<Uid>B1998-3</Uid>
</InstancePath>
<Position>0 0 0.049574090909090922</Position>
<Axis>0 0 -1</Axis>
</ConstraintGeometry>
</Concentric>
<Concentric name="Concentric40">
<ConstraintGeometry geomType="cylinder">
<InstancePath>
<Uid>B2126-1</Uid>
</InstancePath>
<Position>0 0 0</Position>
<Axis>0 -1.0000000000000002 0</Axis>
</ConstraintGeometry>
<ConstraintGeometry geomType="line">
<InstancePath>
<Uid>B1995-3</Uid>
<Uid>B1998-3</Uid>
</InstancePath>
<Position>0 0 0.049574090909090915</Position>
<Axis>0 1.1102230246251565e-016 -1</Axis>
</ConstraintGeometry>
</Concentric>
<Concentric name="Concentric42">
<ConstraintGeometry geomType="cylinder">
<InstancePath>
<Uid>B2127-1</Uid>
</InstancePath>
<Position>0.031496000000000052 -2.2204460492503131e-016 0</Position>
<Axis>-1 3.8857805861880479e-016 -3.3306690738754696e-016</Axis>
</ConstraintGeometry>
<ConstraintGeometry geomType="line">
<InstancePath>
<Uid>B1995-4</Uid>
<Uid>B1998-3</Uid>
</InstancePath>
<Position>0 0 0.049574090909090929</Position>
<Axis>0 0 -1.0000000000000002</Axis>
</ConstraintGeometry>
</Concentric>
<Concentric name="Concentric44">
<ConstraintGeometry geomType="cylinder">
<InstancePath>
<Uid>B2571-1</Uid>
</InstancePath>
<Position>0 0.19930000000000003 0</Position>
<Axis>0 1.0000000000000002 1.6653345369377348e-016</Axis>
</ConstraintGeometry>
<ConstraintGeometry geomType="line">
<InstancePath>
<Uid>B1995-5</Uid>
<Uid>B1998-3</Uid>
</InstancePath>
<Position>0 0 0.049574090909090887</Position>
<Axis>0 0 -1</Axis>
</ConstraintGeometry>
</Concentric>
<Concentric name="Concentric47">
<ConstraintGeometry geomType="cylinder">
<InstancePath>
<Uid>B2573-1</Uid>
</InstancePath>
<Position>0.01968499999999998 -0.047949999999999882 0</Position>
<Axis>1.0000000000000002 -3.4694469519536142e-016 -1.1102230246251565e-016</Axis>
</ConstraintGeometry>
<ConstraintGeometry geomType="line">
<InstancePath>
<Uid>B1995-6</Uid>
<Uid>B1998-3</Uid>
</InstancePath>
<Position>0 0 0.049574090909090929</Position>
<Axis>0 -1.6653345369377348e-016 -1</Axis>
</ConstraintGeometry>
</Concentric>
<Concentric name="Concentric48">
<ConstraintGeometry geomType="cylinder">
<InstancePath>
<Uid>B2574-1</Uid>
</InstancePath>
<Position>0 0 0</Position>
<Axis>0 -1 0</Axis>
</ConstraintGeometry>
<ConstraintGeometry geomType="line">
<InstancePath>
<Uid>B1995-7</Uid>
<Uid>B1998-3</Uid>
</InstancePath>
<Position>0 0 0.049574090909090929</Position>
<Axis>0 0 -1.0000000000000002</Axis>
</ConstraintGeometry>
</Concentric>
<Perpendicular name="Perpendicular3">
<ConstraintGeometry geomType="line">
<InstancePath>
<Uid>B1995-6</Uid>
<Uid>B1998-3</Uid>
</InstancePath>
<Position>0 0 0.049574090909090929</Position>
